segment,factors,factor1,factor2,n_bins,n_bets,mean_roi,std_roi,clb,pass
SURFACE_2_ダ_未勝利,bataiju+bataiju_zogen,bataiju,bataiju_zogen,24,2713,77.44,7.17,74.57,False
SURFACE_2_ダ_未勝利,manken_shirushi+kyusha_hyoka_code,manken_shirushi,kyusha_hyoka_code,15,14587,78.37,8.43,74.11,False
SURFACE_2_ダ_未勝利,kyori_tekisei_2+kishu_minarai_code,kyori_tekisei_2,kishu_minarai_code,6,7354,75.56,2.59,73.49,False
SURFACE_2_ダ_未勝利,kyori_kubun+manken_shirushi,kyori_kubun,manken_shirushi,31,14836,76.49,9.27,73.23,False
SURFACE_2_ダ_未勝利,manken_shirushi+class_code,manken_shirushi,class_code,16,13894,76.41,6.59,73.18,False
SURFACE_2_ダ_未勝利,manken_shirushi+ls_shisu_juni,manken_shirushi,ls_shisu_juni,56,14208,75.66,10.01,73.04,False
SURFACE_2_ダ_未勝利,manken_shirushi+bataiju_zogen,manken_shirushi,bataiju_zogen,59,11646,75.48,9.93,72.94,False
SURFACE_2_ダ_未勝利,kyori_tekisei_2+kyusha_hyoka_code,kyori_tekisei_2,kyusha_hyoka_code,5,7395,76.05,3.62,72.88,False
SURFACE_2_ダ_未勝利,manken_shirushi+omo_tekisei_code,manken_shirushi,omo_tekisei_code,24,14933,76.14,8.22,72.85,False
SURFACE_2_ダ_未勝利,keibajo_code+manken_shirushi,keibajo_code,manken_shirushi,50,12786,74.98,7.72,72.84,False
SURFACE_2_ダ_未勝利,manken_shirushi+pace_shisu_juni,manken_shirushi,pace_shisu_juni,97,12807,75.04,11.62,72.73,False
SURFACE_2_ダ_未勝利,manken_shirushi+ten_shisu_juni,manken_shirushi,ten_shisu_juni,95,12549,75.09,12.7,72.54,False
SURFACE_2_ダ_未勝利,kyori_tekisei_2+hizume_code,kyori_tekisei_2,hizume_code,19,6623,75.63,6.96,72.5,False
SURFACE_2_ダ_未勝利,kyori_tekisei_2+class_code,kyori_tekisei_2,class_code,5,7127,75.95,3.97,72.47,False
SURFACE_2_ダ_未勝利,manken_shirushi+rotation_bin,manken_shirushi,rotation_bin,46,13993,75.18,9.57,72.42,False
SURFACE_2_ダ_未勝利,manken_shirushi+kyori_tekisei,manken_shirushi,kyori_tekisei,24,14477,74.93,6.38,72.38,False
SURFACE_2_ダ_未勝利,kyori_tekisei_2+keibajo_code,kyori_tekisei_2,keibajo_code,17,7040,76.16,8.03,72.34,False
SURFACE_2_ダ_未勝利,keibajo_code+kyori_kubun,keibajo_code,kyori_kubun,24,25169,72.72,0.96,72.33,False
SURFACE_2_ダ_未勝利,keibajo_code+kyusha_hyoka_code,keibajo_code,kyusha_hyoka_code,16,24567,75.69,7.06,72.24,False
SURFACE_2_ダ_未勝利,kyori_tekisei_2+da_tekisei_code,kyori_tekisei_2,da_tekisei_code,3,7435,74.45,1.99,72.2,False
SURFACE_2_ダ_未勝利,manken_shirushi+hizume_code,manken_shirushi,hizume_code,57,12917,75.29,11.98,72.18,False
SURFACE_2_ダ_未勝利,kyori_tekisei_2+manken_shisu_decile,kyori_tekisei_2,manken_shisu_decile,21,7150,75.81,8.67,72.1,False
SURFACE_2_ダ_未勝利,kyori_tekisei_2+omo_tekisei_code,kyori_tekisei_2,omo_tekisei_code,8,7544,75.15,4.42,72.09,False
SURFACE_2_ダ_未勝利,kyori_tekisei_2+manken_shirushi,kyori_tekisei_2,manken_shirushi,16,4587,75.89,7.85,72.04,False
SURFACE_2_ダ_未勝利,uma_deokure_bin+manken_shirushi,uma_deokure_bin,manken_shirushi,40,14935,74.71,8.69,72.02,False
SURFACE_2_ダ_未勝利,kyori_tekisei_2+bataiju_zogen,kyori_tekisei_2,bataiju_zogen,22,6324,75.41,8.11,72.02,False
SURFACE_2_ダ_未勝利,hizume_code+bataiju_zogen,hizume_code,bataiju_zogen,68,19529,74.44,10.45,71.95,False
SURFACE_2_ダ_未勝利,uma_deokure_bin+kyusha_hyoka_code,uma_deokure_bin,kyusha_hyoka_code,11,24792,76.93,8.51,71.9,False
SURFACE_2_ダ_未勝利,bataiju+idm_decile,bataiju,idm_decile,84,14761,74.28,11.17,71.89,False
SURFACE_2_ダ_未勝利,manken_shirushi+uma_start_shisu_decile,manken_shirushi,uma_start_shisu_decile,59,14528,74.41,9.94,71.87,False
SURFACE_2_ダ_未勝利,uma_start_shisu_decile+bataiju,uma_start_shisu_decile,bataiju,59,8714,74.86,11.97,71.81,False
SURFACE_2_ダ_未勝利,manken_shirushi+ichi_shisu_juni,manken_shirushi,ichi_shisu_juni,97,12668,74.44,13.34,71.79,False
SURFACE_2_ダ_未勝利,manken_shirushi+kishu_minarai_code,manken_shirushi,kishu_minarai_code,8,14056,75.0,4.72,71.73,False
SURFACE_2_ダ_未勝利,keibajo_code+omo_tekisei_code,keibajo_code,omo_tekisei_code,29,25151,72.77,2.93,71.71,False
SURFACE_2_ダ_未勝利,manken_shirushi+kyakushitsu,manken_shirushi,kyakushitsu,32,14935,74.1,7.31,71.57,False
SURFACE_2_ダ_未勝利,uma_deokure_bin+kyori_tekisei,uma_deokure_bin,kyori_tekisei,19,24730,72.86,2.99,71.52,False
SURFACE_2_ダ_未勝利,bataiju+rotation_bin,bataiju,rotation_bin,85,11792,74.16,12.55,71.49,False
SURFACE_2_ダ_未勝利,ichi_shisu_juni+kyusha_hyoka_code,ichi_shisu_juni,kyusha_hyoka_code,25,24304,75.43,10.12,71.46,False
SURFACE_2_ダ_未勝利,ls_shisu_juni+hizume_code,ls_shisu_juni,hizume_code,63,22707,73.8,9.53,71.45,False
SURFACE_2_ダ_未勝利,uma_start_shisu_decile+hizume_code,uma_start_shisu_decile,hizume_code,62,22801,73.76,9.3,71.45,False
SURFACE_2_ダ_未勝利,umakigo_code+joho_shisu_decile,umakigo_code,joho_shisu_decile,18,25221,74.96,7.73,71.39,False
SURFACE_2_ダ_未勝利,uma_deokure_bin+omo_tekisei_code,uma_deokure_bin,omo_tekisei_code,15,25238,73.16,3.51,71.38,False
SURFACE_2_ダ_未勝利,pace_shisu_juni+bataiju_zogen,pace_shisu_juni,bataiju_zogen,96,17830,73.4,10.09,71.38,False
SURFACE_2_ダ_未勝利,omo_tekisei_code+umakigo_code,omo_tekisei_code,umakigo_code,9,25207,75.83,6.83,71.37,False
SURFACE_2_ダ_未勝利,manken_shirushi+manken_shisu_decile,manken_shirushi,manken_shisu_decile,29,14265,74.14,7.75,71.32,False
SURFACE_2_ダ_未勝利,uma_deokure_bin+hizume_code,uma_deokure_bin,hizume_code,44,23496,73.67,8.05,71.3,False
SURFACE_2_ダ_未勝利,keibajo_code+hizume_code,keibajo_code,hizume_code,62,21874,73.36,8.32,71.29,False
SURFACE_2_ダ_未勝利,kyori_tekisei_2+kyakushitsu,kyori_tekisei_2,kyakushitsu,11,7539,75.48,7.11,71.27,False
SURFACE_2_ダ_未勝利,umakigo_code+rotation_bin,umakigo_code,rotation_bin,18,24901,75.09,8.31,71.25,False
SURFACE_2_ダ_未勝利,kyori_tekisei_2+uma_deokure_bin,kyori_tekisei_2,uma_deokure_bin,14,7537,74.36,5.96,71.24,False
SURFACE_2_ダ_未勝利,keibajo_code+umakigo_code,keibajo_code,umakigo_code,23,24860,73.82,6.4,71.2,False
SURFACE_2_ダ_未勝利,manken_shirushi+gekiso_juni,manken_shirushi,gekiso_juni,67,12907,73.51,9.65,71.2,False
SURFACE_2_ダ_未勝利,kyori_tekisei_2+bataiju,kyori_tekisei_2,bataiju,16,1772,76.23,10.29,71.19,False
SURFACE_2_ダ_未勝利,uma_start_shisu_decile+bataiju_zogen,uma_start_shisu_decile,bataiju_zogen,72,21878,73.46,9.94,71.16,False
SURFACE_2_ダ_未勝利,bataiju+da_tekisei_code,bataiju,da_tekisei_code,53,21152,73.45,8.54,71.15,False
SURFACE_2_ダ_未勝利,kyori_tekisei_2+tenkai_kigo_code,kyori_tekisei_2,tenkai_kigo_code,12,7472,75.52,7.83,71.09,False
SURFACE_2_ダ_未勝利,kyori_kubun+bataiju_zogen,kyori_kubun,bataiju_zogen,46,23582,73.65,8.93,71.07,False
SURFACE_2_ダ_未勝利,kyori_kubun+bataiju,kyori_kubun,bataiju,98,18915,72.88,9.42,71.01,False
SURFACE_2_ダ_未勝利,bataiju+kyakushitsu,bataiju,kyakushitsu,106,18172,73.21,11.7,70.98,False
SURFACE_2_ダ_未勝利,umakigo_code+ls_shisu_juni,umakigo_code,ls_shisu_juni,22,24858,74.33,8.13,70.93,False
SURFACE_2_ダ_未勝利,uma_start_shisu_decile+ichi_shisu_juni,uma_start_shisu_decile,ichi_shisu_juni,91,23393,73.07,10.4,70.93,False
SURFACE_2_ダ_未勝利,hizume_code+rotation_bin,hizume_code,rotation_bin,52,22437,73.52,9.56,70.92,False
SURFACE_2_ダ_未勝利,ls_shisu_juni+rotation_bin,ls_shisu_juni,rotation_bin,50,24143,73.2,8.22,70.92,False
SURFACE_2_ダ_未勝利,umakigo_code+manken_shisu_decile,umakigo_code,manken_shisu_decile,24,24374,74.6,9.21,70.92,False
SURFACE_2_ダ_未勝利,bataiju+manken_shisu_decile,bataiju,manken_shisu_decile,37,4024,76.15,16.29,70.91,False
SURFACE_2_ダ_未勝利,pace_shisu_juni+kyusha_hyoka_code,pace_shisu_juni,kyusha_hyoka_code,23,24126,73.97,7.5,70.91,False
SURFACE_2_ダ_未勝利,manken_shirushi+joho_shisu_decile,manken_shirushi,joho_shisu_decile,48,14935,74.05,11.19,70.89,False
SURFACE_2_ダ_未勝利,ichi_shisu_juni+manken_shisu_decile,ichi_shisu_juni,manken_shisu_decile,108,21839,72.93,10.94,70.86,False
SURFACE_2_ダ_未勝利,hizume_code+joho_shisu_decile,hizume_code,joho_shisu_decile,52,23479,73.64,10.24,70.85,False
SURFACE_2_ダ_未勝利,keibajo_code+kyori_tekisei,keibajo_code,kyori_tekisei,34,24652,72.73,5.66,70.82,False
SURFACE_2_ダ_未勝利,kyori_kubun+uma_deokure_bin,kyori_kubun,uma_deokure_bin,20,25244,73.06,5.15,70.81,False
SURFACE_2_ダ_未勝利,bataiju+hizume_code,bataiju,hizume_code,68,9102,73.68,12.11,70.8,False
SURFACE_2_ダ_未勝利,keibajo_code+bataiju_zogen,keibajo_code,bataiju_zogen,71,20686,72.67,8.11,70.79,False
SURFACE_2_ダ_未勝利,bataiju+kyori_tekisei,bataiju,kyori_tekisei,105,19788,72.75,10.19,70.79,False
SURFACE_2_ダ_未勝利,omo_tekisei_code+uma_start_shisu_decile,omo_tekisei_code,uma_start_shisu_decile,24,25205,73.51,6.8,70.79,False
SURFACE_2_ダ_未勝利,gekiso_juni+kyusha_hyoka_code,gekiso_juni,kyusha_hyoka_code,22,24186,73.8,7.21,70.79,False
SURFACE_2_ダ_未勝利,ten_shisu_juni+agari_shisu_juni,ten_shisu_juni,agari_shisu_juni,133,18724,73.02,13.24,70.77,False
SURFACE_2_ダ_未勝利,uma_deokure_bin+bataiju,uma_deokure_bin,bataiju,100,15579,73.13,12.06,70.76,False
SURFACE_2_ダ_未勝利,ten_shisu_juni+umakigo_code,ten_shisu_juni,umakigo_code,33,24393,74.12,9.86,70.75,False
SURFACE_2_ダ_未勝利,ichi_shisu_juni+bataiju_zogen,ichi_shisu_juni,bataiju_zogen,97,17892,72.86,10.72,70.73,False
SURFACE_2_ダ_未勝利,kyori_kubun+umakigo_code,kyori_kubun,umakigo_code,10,25098,74.58,6.23,70.72,False
SURFACE_2_ダ_未勝利,bataiju+kyusha_shisu_decile,bataiju,kyusha_shisu_decile,8,829,76.4,8.23,70.69,False
SURFACE_2_ダ_未勝利,ten_shisu_juni+kyusha_hyoka_code,ten_shisu_juni,kyusha_hyoka_code,23,24108,73.88,7.89,70.66,False
SURFACE_2_ダ_未勝利,agari_shisu_juni+kyusha_hyoka_code,agari_shisu_juni,kyusha_hyoka_code,23,24191,74.22,8.77,70.64,False
SURFACE_2_ダ_未勝利,ichi_shisu_juni+rotation_bin,ichi_shisu_juni,rotation_bin,83,22904,72.88,10.51,70.62,False
SURFACE_2_ダ_未勝利,keibajo_code+ichi_shisu_juni,keibajo_code,ichi_shisu_juni,90,20957,73.02,11.64,70.61,False
SURFACE_2_ダ_未勝利,uma_deokure_bin+pace_shisu_juni,uma_deokure_bin,pace_shisu_juni,75,24825,72.33,7.84,70.55,False
SURFACE_2_ダ_未勝利,ichi_shisu_juni+pace_shisu_juni,ichi_shisu_juni,pace_shisu_juni,115,19316,72.85,12.59,70.55,False
SURFACE_2_ダ_未勝利,ichi_shisu_juni+kyori_tekisei,ichi_shisu_juni,kyori_tekisei,48,24110,72.51,6.94,70.54,False
SURFACE_2_ダ_未勝利,manken_shisu_decile+bataiju_zogen,manken_shisu_decile,bataiju_zogen,76,20526,72.76,9.91,70.53,False
SURFACE_2_ダ_未勝利,uma_deokure_bin+ichi_shisu_juni,uma_deokure_bin,ichi_shisu_juni,74,24812,72.5,8.76,70.51,False
SURFACE_2_ダ_未勝利,joho_shisu_decile+kyusha_hyoka_code,joho_shisu_decile,kyusha_hyoka_code,13,25069,76.73,11.45,70.5,False
SURFACE_2_ダ_未勝利,manken_shisu_decile+kyusha_hyoka_code,manken_shisu_decile,kyusha_hyoka_code,17,24066,74.69,8.82,70.5,False
SURFACE_2_ダ_未勝利,ichi_shisu_juni+ls_shisu_juni,ichi_shisu_juni,ls_shisu_juni,95,22605,72.75,11.29,70.48,False
SURFACE_2_ダ_未勝利,uma_deokure_bin+ls_shisu_juni,uma_deokure_bin,ls_shisu_juni,40,24853,73.57,9.99,70.48,False
SURFACE_2_ダ_未勝利,keibajo_code+uma_deokure_bin,keibajo_code,uma_deokure_bin,47,25044,72.37,6.73,70.45,False
SURFACE_2_ダ_未勝利,omo_tekisei_code+ichi_shisu_juni,omo_tekisei_code,ichi_shisu_juni,48,25238,72.72,8.08,70.44,False
SURFACE_2_ダ_未勝利,pace_shisu_juni+umakigo_code,pace_shisu_juni,umakigo_code,33,24311,73.72,9.65,70.43,False
SURFACE_2_ダ_未勝利,kyori_kubun+ten_shisu_juni,kyori_kubun,ten_shisu_juni,56,24614,72.52,8.04,70.41,False
SURFACE_2_ダ_未勝利,pace_shisu_juni+rotation_bin,pace_shisu_juni,rotation_bin,82,22974,72.36,9.21,70.37,False
SURFACE_2_ダ_未勝利,kyori_tekisei_2+agari_shisu_juni,kyori_tekisei_2,agari_shisu_juni,30,6715,72.96,7.26,70.36,False
SURFACE_2_ダ_未勝利,keibajo_code+pace_shisu_juni,keibajo_code,pace_shisu_juni,89,20864,72.49,10.25,70.36,False
SURFACE_2_ダ_未勝利,kyori_kubun+uma_start_shisu_decile,kyori_kubun,uma_start_shisu_decile,31,25150,72.67,6.61,70.34,False
SURFACE_2_ダ_未勝利,agari_shisu_juni+bataiju_zogen,agari_shisu_juni,bataiju_zogen,97,17994,72.59,11.49,70.3,False
SURFACE_2_ダ_未勝利,keibajo_code+bataiju,keibajo_code,bataiju,70,8647,73.26,12.64,70.3,False
SURFACE_2_ダ_未勝利,keibajo_code+uma_start_shisu_decile,keibajo_code,uma_start_shisu_decile,60,23901,72.43,8.53,70.27,False
SURFACE_2_ダ_未勝利,omo_tekisei_code+kyakushitsu,omo_tekisei_code,kyakushitsu,12,25238,72.52,3.99,70.26,False
SURFACE_2_ダ_未勝利,uma_start_shisu_decile+ls_shisu_juni,uma_start_shisu_decile,ls_shisu_juni,59,24478,72.43,8.58,70.24,False
SURFACE_2_ダ_未勝利,manken_shirushi+idm_decile,manken_shirushi,idm_decile,33,14232,74.27,11.82,70.23,False
SURFACE_2_ダ_未勝利,umakigo_code+blinker,umakigo_code,blinker,5,4532,75.53,6.06,70.22,False
SURFACE_2_ダ_未勝利,ten_shisu_juni+ls_shisu_juni,ten_shisu_juni,ls_shisu_juni,95,22521,72.37,10.72,70.21,False
SURFACE_2_ダ_未勝利,omo_tekisei_code+ls_shisu_juni,omo_tekisei_code,ls_shisu_juni,25,25028,72.81,6.66,70.19,False
SURFACE_2_ダ_未勝利,kyori_kubun+ls_shisu_juni,kyori_kubun,ls_shisu_juni,32,24948,72.74,7.48,70.15,False
SURFACE_2_ダ_未勝利,ls_shisu_juni+tenkai_kigo_code,ls_shisu_juni,tenkai_kigo_code,39,24935,73.14,9.58,70.14,False
SURFACE_2_ダ_未勝利,bataiju+kishu_minarai_code,bataiju,kishu_minarai_code,54,22367,72.35,8.28,70.14,False
SURFACE_2_ダ_未勝利,manken_shisu_decile+ls_shisu_juni,manken_shisu_decile,ls_shisu_juni,63,23384,72.49,9.59,70.13,False
SURFACE_2_ダ_未勝利,ten_shisu_juni+bataiju_zogen,ten_shisu_juni,bataiju_zogen,100,18180,72.43,11.75,70.12,False
SURFACE_2_ダ_未勝利,kyori_tekisei_2+pace_shisu_juni,kyori_tekisei_2,pace_shisu_juni,30,6692,73.2,8.62,70.12,False
SURFACE_2_ダ_未勝利,omo_tekisei_code+bataiju,omo_tekisei_code,bataiju,91,20305,72.6,12.1,70.11,False
SURFACE_2_ダ_未勝利,manken_shirushi+kyusha_shisu_decile,manken_shirushi,kyusha_shisu_decile,69,13925,73.37,13.93,70.08,False
SURFACE_2_ダ_未勝利,bataiju+umakigo_code,bataiju,umakigo_code,53,21238,72.58,9.3,70.08,False
SURFACE_2_ダ_未勝利,keibajo_code+rotation_bin,keibajo_code,rotation_bin,53,23869,72.13,7.63,70.08,False
SURFACE_2_ダ_未勝利,kyori_kubun+blinker,kyori_kubun,blinker,6,4293,73.9,4.78,70.07,False
SURFACE_2_ダ_未勝利,kyori_kubun+ichi_shisu_juni,kyori_kubun,ichi_shisu_juni,57,24751,72.36,8.93,70.04,False
SURFACE_2_ダ_未勝利,keibajo_code+kyakushitsu,keibajo_code,kyakushitsu,40,25254,71.87,5.94,70.03,False
SURFACE_2_ダ_未勝利,uma_start_shisu_decile+kyakushitsu,uma_start_shisu_decile,kyakushitsu,27,24929,72.27,5.93,70.03,False
SURFACE_2_ダ_未勝利,pace_shisu_juni+manken_shisu_decile,pace_shisu_juni,manken_shisu_decile,104,21427,72.01,10.43,70.01,False
SURFACE_2_ダ_未勝利,ichi_shisu_juni+ten_shisu_juni,ichi_shisu_juni,ten_shisu_juni,107,19081,72.2,11.54,70.01,False
SURFACE_2_ダ_未勝利,uma_deokure_bin+umakigo_code,uma_deokure_bin,umakigo_code,14,25117,73.56,6.8,70.0,False
SURFACE_2_ダ_未勝利,uma_start_shisu_decile+kyori_tekisei,uma_start_shisu_decile,kyori_tekisei,25,24287,72.68,6.85,70.0,False
SURFACE_2_ダ_未勝利,pace_shisu_juni+ten_shisu_juni,pace_shisu_juni,ten_shisu_juni,109,18714,72.11,11.32,69.98,False
SURFACE_2_ダ_未勝利,uma_start_shisu_decile+rotation_bin,uma_start_shisu_decile,rotation_bin,50,24423,72.93,10.73,69.96,False
SURFACE_2_ダ_未勝利,ten_shisu_juni+rotation_bin,ten_shisu_juni,rotation_bin,85,23104,72.07,9.95,69.95,False
SURFACE_2_ダ_未勝利,kyori_kubun+hizume_code,kyori_kubun,hizume_code,35,23602,73.13,9.69,69.92,False
SURFACE_2_ダ_未勝利,kyori_tekisei_2+kyori_tekisei,kyori_tekisei_2,kyori_tekisei,5,7586,73.25,3.82,69.91,False
SURFACE_2_ダ_未勝利,keibajo_code+ten_shisu_juni,keibajo_code,ten_shisu_juni,89,20830,72.25,11.38,69.89,False
SURFACE_2_ダ_未勝利,gekiso_juni+rotation_bin,gekiso_juni,rotation_bin,86,23297,72.26,11.25,69.88,False
SURFACE_2_ダ_未勝利,keibajo_code+manken_shisu_decile,keibajo_code,manken_shisu_decile,74,23391,71.97,9.27,69.86,False
SURFACE_2_ダ_未勝利,pace_shisu_juni+ls_shisu_juni,pace_shisu_juni,ls_shisu_juni,94,22545,72.13,11.26,69.85,False
SURFACE_2_ダ_未勝利,pace_shisu_juni+gekiso_juni,pace_shisu_juni,gekiso_juni,123,16736,71.8,11.06,69.85,False
SURFACE_2_ダ_未勝利,omo_tekisei_code+hizume_code,omo_tekisei_code,hizume_code,29,24287,72.35,6.85,69.85,False
SURFACE_2_ダ_未勝利,bataiju+tenkai_kigo_code,bataiju,tenkai_kigo_code,65,15343,72.81,12.18,69.85,False
SURFACE_2_ダ_未勝利,ten_shisu_juni+kyori_tekisei,ten_shisu_juni,kyori_tekisei,48,24110,71.88,7.19,69.84,False
SURFACE_2_ダ_未勝利,ichi_shisu_juni+agari_shisu_juni,ichi_shisu_juni,agari_shisu_juni,138,19479,72.04,13.29,69.82,False
SURFACE_2_ダ_未勝利,kyakushitsu+hizume_code,kyakushitsu,hizume_code,38,23703,72.56,8.63,69.81,False
SURFACE_2_ダ_未勝利,ten_shisu_juni+manken_shisu_decile,ten_shisu_juni,manken_shisu_decile,108,21721,72.05,12.01,69.78,False
SURFACE_2_ダ_未勝利,ichi_shisu_juni+hizume_code,ichi_shisu_juni,hizume_code,95,20395,71.86,10.37,69.77,False
SURFACE_2_ダ_未勝利,keibajo_code+ls_shisu_juni,keibajo_code,ls_shisu_juni,53,23572,72.36,9.68,69.76,False
SURFACE_2_ダ_未勝利,ichi_shisu_juni+kishu_minarai_code,ichi_shisu_juni,kishu_minarai_code,16,23230,72.27,5.12,69.76,False
SURFACE_2_ダ_未勝利,uma_start_shisu_decile+pace_shisu_juni,uma_start_shisu_decile,pace_shisu_juni,98,23248,71.8,10.37,69.75,False
SURFACE_2_ダ_未勝利,agari_shisu_juni+rotation_bin,agari_shisu_juni,rotation_bin,84,23100,72.55,13.16,69.74,False
SURFACE_2_ダ_未勝利,ten_shisu_juni+gekiso_juni,ten_shisu_juni,gekiso_juni,118,16113,72.08,13.02,69.73,False
SURFACE_2_ダ_未勝利,omo_tekisei_code+ten_shisu_juni,omo_tekisei_code,ten_shisu_juni,48,25238,72.16,8.64,69.72,False
SURFACE_2_ダ_未勝利,ichi_shisu_juni+class_code,ichi_shisu_juni,class_code,27,22830,72.92,8.46,69.72,False
SURFACE_2_ダ_未勝利,kyori_kubun+tenkai_kigo_code,kyori_kubun,tenkai_kigo_code,19,25160,73.92,9.37,69.71,False
SURFACE_2_ダ_未勝利,manken_shirushi+agari_shisu_juni,manken_shirushi,agari_shisu_juni,82,11781,72.74,14.03,69.71,False
SURFACE_2_ダ_未勝利,kyori_tekisei_2+ichi_shisu_juni,kyori_tekisei_2,ichi_shisu_juni,30,6673,73.65,11.06,69.69,False
SURFACE_2_ダ_未勝利,pace_shisu_juni+kyori_tekisei,pace_shisu_juni,kyori_tekisei,48,24110,71.78,7.41,69.68,False
SURFACE_2_ダ_未勝利,manken_shisu_decile+hizume_code,manken_shisu_decile,hizume_code,65,21562,72.28,10.7,69.68,False
SURFACE_2_ダ_未勝利,umakigo_code+da_tekisei_code,umakigo_code,da_tekisei_code,6,23919,77.09,9.29,69.66,False
SURFACE_2_ダ_未勝利,bataiju_zogen+kyori_tekisei,bataiju_zogen,kyori_tekisei,40,22860,72.22,8.29,69.65,False
SURFACE_2_ダ_未勝利,kyori_kubun+joho_shisu_decile,kyori_kubun,joho_shisu_decile,24,25254,72.51,7.2,69.64,False
SURFACE_2_ダ_未勝利,class_code+umakigo_code,class_code,umakigo_code,10,24682,75.93,10.18,69.62,False
SURFACE_2_ダ_未勝利,uma_deokure_bin+uma_start_shisu_decile,uma_deokure_bin,uma_start_shisu_decile,36,24957,72.1,7.6,69.62,False
SURFACE_2_ダ_未勝利,kyori_tekisei_2+ten_shisu_juni,kyori_tekisei_2,ten_shisu_juni,30,6678,73.17,9.91,69.62,False
SURFACE_2_ダ_未勝利,omo_tekisei_code+pace_shisu_juni,omo_tekisei_code,pace_shisu_juni,48,25238,71.96,8.28,69.62,False
SURFACE_2_ダ_未勝利,ichi_shisu_juni+joho_shisu_decile,ichi_shisu_juni,joho_shisu_decile,84,24475,71.87,10.54,69.61,False
SURFACE_2_ダ_未勝利,ls_shisu_juni+agari_shisu_juni,ls_shisu_juni,agari_shisu_juni,90,22328,72.15,12.65,69.53,False
SURFACE_2_ダ_未勝利,uma_deokure_bin+ten_shisu_juni,uma_deokure_bin,ten_shisu_juni,76,24936,71.65,9.42,69.53,False
SURFACE_2_ダ_未勝利,kishu_kitai_tansho_decile+kyusha_hyoka_code,kishu_kitai_tansho_decile,kyusha_hyoka_code,16,24807,75.35,11.95,69.5,False
SURFACE_2_ダ_未勝利,uma_start_shisu_decile+manken_shisu_decile,uma_start_shisu_decile,manken_shisu_decile,66,23905,71.79,9.57,69.48,False
SURFACE_2_ダ_未勝利,uma_deokure_bin+gekiso_juni,uma_deokure_bin,gekiso_juni,75,24838,71.48,8.88,69.47,False
SURFACE_2_ダ_未勝利,kyori_kubun+manken_shisu_decile,kyori_kubun,manken_shisu_decile,37,24634,71.83,7.36,69.46,False
SURFACE_2_ダ_未勝利,pace_shisu_juni+hizume_code,pace_shisu_juni,hizume_code,95,20317,71.52,10.33,69.45,False
SURFACE_2_ダ_未勝利,pace_shisu_juni+kyakushitsu,pace_shisu_juni,kyakushitsu,57,24894,71.46,7.84,69.42,False
SURFACE_2_ダ_未勝利,ichi_shisu_juni+tenkai_kigo_code,ichi_shisu_juni,tenkai_kigo_code,59,24405,72.47,12.02,69.4,False
SURFACE_2_ダ_未勝利,gekiso_juni+agari_shisu_juni,gekiso_juni,agari_shisu_juni,128,16702,71.63,12.92,69.39,False
SURFACE_2_ダ_未勝利,ichi_shisu_juni+umakigo_code,ichi_shisu_juni,umakigo_code,31,24124,72.65,9.3,69.38,False
SURFACE_2_ダ_未勝利,uma_start_shisu_decile+gekiso_juni,uma_start_shisu_decile,gekiso_juni,97,22932,71.55,10.99,69.37,False
SURFACE_2_ダ_未勝利,gekiso_juni+bataiju_zogen,gekiso_juni,bataiju_zogen,97,18111,71.82,12.33,69.37,False
SURFACE_2_ダ_未勝利,keibajo_code+tenkai_kigo_code,keibajo_code,tenkai_kigo_code,43,24763,72.83,11.64,69.35,False
SURFACE_2_ダ_未勝利,kishu_shisu_decile+kyusha_hyoka_code,kishu_shisu_decile,kyusha_hyoka_code,16,24781,75.28,12.13,69.34,False
SURFACE_2_ダ_未勝利,rotation_bin+bataiju_zogen,rotation_bin,bataiju_zogen,59,21865,71.75,9.49,69.33,False
SURFACE_2_ダ_未勝利,uma_start_shisu_decile+ten_shisu_juni,uma_start_shisu_decile,ten_shisu_juni,95,23284,71.58,11.22,69.33,False
SURFACE_2_ダ_未勝利,manken_shirushi+kishu_shisu_decile,manken_shirushi,kishu_shisu_decile,63,13909,72.13,11.46,69.3,False
SURFACE_2_ダ_未勝利,rotation_bin+joho_shisu_decile,rotation_bin,joho_shisu_decile,39,24798,72.21,9.3,69.29,False
SURFACE_2_ダ_未勝利,kyori_kubun+gekiso_juni,kyori_kubun,gekiso_juni,57,24774,72.17,11.12,69.29,False
SURFACE_2_ダ_未勝利,uma_deokure_bin+joho_shisu_decile,uma_deokure_bin,joho_shisu_decile,30,25244,72.19,8.11,69.28,False
SURFACE_2_ダ_未勝利,kyori_kubun+rotation_bin,kyori_kubun,rotation_bin,27,24968,72.16,7.68,69.27,False
SURFACE_2_ダ_未勝利,kyakushitsu+ls_shisu_juni,kyakushitsu,ls_shisu_juni,33,24970,71.87,7.61,69.27,False
SURFACE_2_ダ_未勝利,manken_shirushi+tenkai_kigo_code,manken_shirushi,tenkai_kigo_code,37,14644,73.28,12.53,69.24,False
SURFACE_2_ダ_未勝利,uma_deokure_bin+bataiju_zogen,uma_deokure_bin,bataiju_zogen,58,23396,71.39,8.39,69.23,False
SURFACE_2_ダ_未勝利,kyori_tekisei_2+uma_start_shisu_decile,kyori_tekisei_2,uma_start_shisu_decile,18,7178,73.3,8.81,69.23,False
SURFACE_2_ダ_未勝利,uma_start_shisu_decile+umakigo_code,uma_start_shisu_decile,umakigo_code,20,24884,73.18,9.04,69.22,False
SURFACE_2_ダ_未勝利,ls_shisu_juni+bataiju_zogen,ls_shisu_juni,bataiju_zogen,70,21592,71.85,11.24,69.22,False
SURFACE_2_ダ_未勝利,bataiju+sogo_shisu_decile,bataiju,sogo_shisu_decile,100,15169,72.27,15.58,69.22,False
SURFACE_2_ダ_未勝利,uma_start_shisu_decile+tenkai_kigo_code,uma_start_shisu_decile,tenkai_kigo_code,35,24853,72.92,11.18,69.22,False
SURFACE_2_ダ_未勝利,manken_shirushi+chokyo_shisu_decile,manken_shirushi,chokyo_shisu_decile,57,13092,72.43,12.4,69.21,False
SURFACE_2_ダ_未勝利,gekiso_juni+ls_shisu_juni,gekiso_juni,ls_shisu_juni,93,22745,71.45,11.04,69.21,False
SURFACE_2_ダ_未勝利,keibajo_code+kishu_minarai_code,keibajo_code,kishu_minarai_code,19,24637,73.77,10.15,69.2,False
SURFACE_2_ダ_未勝利,ten_shisu_juni+kishu_minarai_code,ten_shisu_juni,kishu_minarai_code,16,23230,71.69,5.08,69.2,False
SURFACE_2_ダ_未勝利,umakigo_code+kyakushitsu,umakigo_code,kyakushitsu,11,25136,73.65,7.55,69.19,False
SURFACE_2_ダ_未勝利,omo_tekisei_code+gekiso_juni,omo_tekisei_code,gekiso_juni,48,25238,71.54,8.31,69.19,False
SURFACE_2_ダ_未勝利,bataiju+class_code,bataiju,class_code,51,20040,71.56,8.68,69.18,False
SURFACE_2_ダ_未勝利,uma_start_shisu_decile+kishu_minarai_code,uma_start_shisu_decile,kishu_minarai_code,14,24120,73.25,7.78,69.18,False
SURFACE_2_ダ_未勝利,umakigo_code+chokyo_shisu_decile,umakigo_code,chokyo_shisu_decile,26,25003,72.56,8.86,69.16,False
SURFACE_2_ダ_未勝利,hizume_code+kishu_shisu_decile,hizume_code,kishu_shisu_decile,71,22214,71.73,11.1,69.15,False
SURFACE_2_ダ_未勝利,keibajo_code+gekiso_juni,keibajo_code,gekiso_juni,89,20914,71.48,11.2,69.15,False
SURFACE_2_ダ_未勝利,kyori_kubun+pace_shisu_juni,kyori_kubun,pace_shisu_juni,57,24718,71.31,8.39,69.13,False
SURFACE_2_ダ_未勝利,kyori_kubun+kishu_minarai_code,kyori_kubun,kishu_minarai_code,13,25026,72.24,5.76,69.11,False
SURFACE_2_ダ_未勝利,ten_shisu_juni+hizume_code,ten_shisu_juni,hizume_code,97,20545,71.49,11.98,69.1,False
SURFACE_2_ダ_未勝利,umakigo_code+kishu_minarai_code,umakigo_code,kishu_minarai_code,6,24830,72.32,4.02,69.1,False
SURFACE_2_ダ_未勝利,pace_shisu_juni+class_code,pace_shisu_juni,class_code,27,22908,72.2,8.22,69.1,False
SURFACE_2_ダ_未勝利,ls_shisu_juni+joho_shisu_decile,ls_shisu_juni,joho_shisu_decile,44,24819,71.71,8.81,69.1,False
SURFACE_2_ダ_未勝利,kyori_tekisei_2+kyori_kubun,kyori_tekisei_2,kyori_kubun,9,7590,72.71,5.54,69.09,False
SURFACE_2_ダ_未勝利,uma_deokure_bin+manken_shisu_decile,uma_deokure_bin,manken_shisu_decile,45,24375,71.19,7.2,69.08,False
SURFACE_2_ダ_未勝利,uma_start_shisu_decile+joho_shisu_decile,uma_start_shisu_decile,joho_shisu_decile,47,25112,72.04,10.39,69.07,False
SURFACE_2_ダ_未勝利,hizume_code+agari_shisu_juni,hizume_code,agari_shisu_juni,101,20976,71.73,13.74,69.05,False
SURFACE_2_ダ_未勝利,kyori_kubun+omo_tekisei_code,kyori_kubun,omo_tekisei_code,12,25238,72.38,5.9,69.04,False
SURFACE_2_ダ_未勝利,kyori_kubun+agari_shisu_juni,kyori_kubun,agari_shisu_juni,57,24782,71.82,10.78,69.02,False
SURFACE_2_ダ_未勝利,ls_shisu_juni+kishu_kitai_tansho_decile,ls_shisu_juni,kishu_kitai_tansho_decile,60,23955,73.88,19.18,69.02,False
SURFACE_2_ダ_未勝利,pace_shisu_juni+kishu_minarai_code,pace_shisu_juni,kishu_minarai_code,16,23230,71.55,5.2,69.0,False
SURFACE_2_ダ_未勝利,uma_deokure_bin+agari_shisu_juni,uma_deokure_bin,agari_shisu_juni,78,25109,71.44,11.0,69.0,False
SURFACE_2_ダ_未勝利,bataiju_zogen+kyusha_hyoka_code,bataiju_zogen,kyusha_hyoka_code,24,23847,72.45,8.62,69.0,False
SURFACE_2_ダ_未勝利,ten_shisu_juni+kyakushitsu,ten_shisu_juni,kyakushitsu,51,24593,71.16,7.89,69.0,False
SURFACE_2_ダ_未勝利,manken_shirushi+kishu_kitai_rentai_decile,manken_shirushi,kishu_kitai_rentai_decile,60,14111,72.09,12.27,68.99,False
SURFACE_2_ダ_未勝利,ls_shisu_juni+kyori_tekisei,ls_shisu_juni,kyori_tekisei,28,24252,71.85,7.73,68.99,False
SURFACE_2_ダ_未勝利,umakigo_code+kishu_kitai_tansho_decile,umakigo_code,kishu_kitai_tansho_decile,25,24963,74.15,13.2,68.98,False
SURFACE_2_ダ_未勝利,kyakushitsu+bataiju_zogen,kyakushitsu,bataiju_zogen,48,23499,70.91,6.93,68.95,False
SURFACE_2_ダ_未勝利,tenkai_kigo_code+kishu_kitai_rentai_decile,tenkai_kigo_code,kishu_kitai_rentai_decile,43,24830,73.32,14.68,68.94,False
SURFACE_2_ダ_未勝利,agari_shisu_juni+kyori_tekisei,agari_shisu_juni,kyori_tekisei,48,24110,71.36,8.58,68.94,False
SURFACE_2_ダ_未勝利,hizume_code+tenkai_kigo_code,hizume_code,tenkai_kigo_code,46,23929,72.5,12.34,68.94,False
SURFACE_2_ダ_未勝利,umakigo_code+tenkai_kigo_code,umakigo_code,tenkai_kigo_code,13,25060,75.02,11.29,68.89,False
SURFACE_2_ダ_未勝利,pace_shisu_juni+joho_shisu_decile,pace_shisu_juni,joho_shisu_decile,81,24336,71.22,10.74,68.88,False
SURFACE_2_ダ_未勝利,hizume_code+kishu_kitai_tansho_decile,hizume_code,kishu_kitai_tansho_decile,68,22183,71.72,11.97,68.87,False
SURFACE_2_ダ_未勝利,ls_shisu_juni+kyusha_shisu_decile,ls_shisu_juni,kyusha_shisu_decile,63,23885,72.11,13.11,68.87,False
SURFACE_2_ダ_未勝利,blinker+kyori_tekisei,blinker,kyori_tekisei,6,4174,73.02,5.19,68.86,False
SURFACE_2_ダ_未勝利,bataiju+kyusha_hyoka_code,bataiju,kyusha_hyoka_code,54,22310,71.22,8.93,68.84,False
SURFACE_2_ダ_未勝利,uma_deokure_bin+kyakushitsu,uma_deokure_bin,kyakushitsu,20,25244,71.28,5.55,68.84,False
SURFACE_2_ダ_未勝利,class_code+ten_shisu_juni,class_code,ten_shisu_juni,29,23037,71.91,8.49,68.82,False
SURFACE_2_ダ_未勝利,uma_start_shisu_decile+kyusha_hyoka_code,uma_start_shisu_decile,kyusha_hyoka_code,16,24715,74.29,11.16,68.82,False
SURFACE_2_ダ_未勝利,omo_tekisei_code+kishu_kitai_tansho_decile,omo_tekisei_code,kishu_kitai_tansho_decile,30,25238,74.53,15.95,68.82,False
SURFACE_2_ダ_未勝利,umakigo_code+kishu_kitai_rentai_decile,umakigo_code,kishu_kitai_rentai_decile,24,24871,73.71,12.29,68.8,False
SURFACE_2_ダ_未勝利,kyori_tekisei_2+kishu_kitai_rentai_decile,kyori_tekisei_2,kishu_kitai_rentai_decile,18,6734,73.18,9.47,68.8,False
SURFACE_2_ダ_未勝利,kyori_tekisei_2+ls_shisu_juni,kyori_tekisei_2,ls_shisu_juni,18,7158,73.61,10.44,68.79,False
SURFACE_2_ダ_未勝利,manken_shisu_decile+rotation_bin,manken_shisu_decile,rotation_bin,57,23611,71.43,10.18,68.78,False
SURFACE_2_ダ_未勝利,kishu_kitai_tansho_decile+tenkai_kigo_code,kishu_kitai_tansho_decile,tenkai_kigo_code,43,24860,73.1,14.45,68.78,False
SURFACE_2_ダ_未勝利,gekiso_juni+hizume_code,gekiso_juni,hizume_code,92,20168,71.16,11.75,68.76,False
SURFACE_2_ダ_未勝利,omo_tekisei_code+bataiju_zogen,omo_tekisei_code,bataiju_zogen,39,23969,71.25,7.95,68.75,False
SURFACE_2_ダ_未勝利,joho_shisu_decile+kijun_ninkijun_tansho,joho_shisu_decile,kijun_ninkijun_tansho,43,24104,73.36,15.44,68.74,False
SURFACE_2_ダ_未勝利,gekiso_juni+tenkai_kigo_code,gekiso_juni,tenkai_kigo_code,70,24530,71.3,10.93,68.74,False
SURFACE_2_ダ_未勝利,umakigo_code+bataiju_zogen,umakigo_code,bataiju_zogen,29,23841,71.66,8.04,68.73,False
SURFACE_2_ダ_未勝利,hizume_code+kyusha_hyoka_code,hizume_code,kyusha_hyoka_code,21,24059,71.98,7.62,68.72,False
SURFACE_2_ダ_未勝利,ichi_shisu_juni+gekiso_juni,ichi_shisu_juni,gekiso_juni,120,16361,71.3,14.55,68.7,False
SURFACE_2_ダ_未勝利,manken_shirushi+kishu_kitai_tansho_decile,manken_shirushi,kishu_kitai_tansho_decile,60,14038,71.84,12.44,68.69,False
SURFACE_2_ダ_未勝利,class_code+ls_shisu_juni,class_code,ls_shisu_juni,19,23866,72.06,7.49,68.69,False
SURFACE_2_ダ_未勝利,ichi_shisu_juni+kyakushitsu,ichi_shisu_juni,kyakushitsu,45,24743,71.08,8.19,68.69,False
SURFACE_2_ダ_未勝利,bataiju_zogen+tenkai_kigo_code,bataiju_zogen,tenkai_kigo_code,50,22930,72.07,12.2,68.68,False
SURFACE_2_ダ_未勝利,rotation_bin+tenkai_kigo_code,rotation_bin,tenkai_kigo_code,29,24866,73.24,12.61,68.65,False
SURFACE_2_ダ_未勝利,omo_tekisei_code+agari_shisu_juni,omo_tekisei_code,agari_shisu_juni,48,25238,71.48,10.06,68.64,False
SURFACE_2_ダ_未勝利,bataiju_zogen+kishu_minarai_code,bataiju_zogen,kishu_minarai_code,23,23346,71.29,6.51,68.63,False
SURFACE_2_ダ_未勝利,uma_deokure_bin+tenkai_kigo_code,uma_deokure_bin,tenkai_kigo_code,25,25244,72.54,9.98,68.63,False
SURFACE_2_ダ_未勝利,kyakushitsu+kishu_kitai_tansho_decile,kyakushitsu,kishu_kitai_tansho_decile,39,25196,73.1,14.24,68.63,False
SURFACE_2_ダ_未勝利,hizume_code+kishu_kitai_rentai_decile,hizume_code,kishu_kitai_rentai_decile,69,22247,71.54,12.42,68.61,False
SURFACE_2_ダ_未勝利,keibajo_code+joho_shisu_decile,keibajo_code,joho_shisu_decile,51,24578,71.25,9.59,68.61,False
SURFACE_2_ダ_未勝利,ls_shisu_juni+kishu_shisu_decile,ls_shisu_juni,kishu_shisu_decile,62,24020,72.91,17.41,68.58,False
SURFACE_2_ダ_未勝利,uma_deokure_bin+rotation_bin,uma_deokure_bin,rotation_bin,34,24805,71.25,8.13,68.52,False
SURFACE_2_ダ_未勝利,keibajo_code+da_tekisei_code,keibajo_code,da_tekisei_code,17,23617,70.94,5.09,68.52,False
SURFACE_2_ダ_未勝利,hizume_code+kyori_tekisei,hizume_code,kyori_tekisei,33,23142,72.06,10.41,68.51,False
SURFACE_2_ダ_未勝利,class_code+kyusha_hyoka_code,class_code,kyusha_hyoka_code,11,24796,76.19,12.99,68.51,False
SURFACE_2_ダ_未勝利,hizume_code+shiba_tekisei_code,hizume_code,shiba_tekisei_code,20,14931,71.96,7.93,68.49,False
SURFACE_2_ダ_未勝利,tenkai_kigo_code+kishu_shisu_decile,tenkai_kigo_code,kishu_shisu_decile,46,25024,72.42,13.64,68.48,False
SURFACE_2_ダ_未勝利,kyori_kubun+kyakushitsu,kyori_kubun,kyakushitsu,16,25254,71.54,6.28,68.46,False
SURFACE_2_ダ_未勝利,omo_tekisei_code+rotation_bin,omo_tekisei_code,rotation_bin,23,25174,71.5,7.46,68.46,False
SURFACE_2_ダ_未勝利,omo_tekisei_code+kishu_shisu_decile,omo_tekisei_code,kishu_shisu_decile,30,25238,73.95,15.35,68.46,False
SURFACE_2_ダ_未勝利,uma_deokure_bin+kishu_kitai_tansho_decile,uma_deokure_bin,kishu_kitai_tansho_decile,47,25003,72.8,15.2,68.45,False
SURFACE_2_ダ_未勝利,kyori_tekisei_2+kishu_kitai_tansho_decile,kyori_tekisei_2,kishu_kitai_tansho_decile,19,6842,73.19,10.55,68.44,False
SURFACE_2_ダ_未勝利,ten_shisu_juni+joho_shisu_decile,ten_shisu_juni,joho_shisu_decile,81,24107,70.87,11.19,68.44,False
SURFACE_2_ダ_未勝利,gekiso_juni+joho_shisu_decile,gekiso_juni,joho_shisu_decile,76,24171,70.89,10.93,68.43,False
SURFACE_2_ダ_未勝利,bataiju+ninki_shisu_decile,bataiju,ninki_shisu_decile,11,1156,78.71,17.42,68.42,False
SURFACE_2_ダ_未勝利,umakigo_code+kijun_ninkijun_tansho,umakigo_code,kijun_ninkijun_tansho,32,24361,74.73,18.21,68.42,False
SURFACE_2_ダ_未勝利,uma_start_shisu_decile+agari_shisu_juni,uma_start_shisu_decile,agari_shisu_juni,99,23400,71.04,13.33,68.41,False
SURFACE_2_ダ_未勝利,kyori_tekisei_2+rotation_bin,kyori_tekisei_2,rotation_bin,17,7302,74.42,12.67,68.4,False
SURFACE_2_ダ_未勝利,manken_shisu_decile+kishu_minarai_code,manken_shisu_decile,kishu_minarai_code,13,23126,71.65,6.02,68.38,False
SURFACE_2_ダ_未勝利,omo_tekisei_code+joho_shisu_decile,omo_tekisei_code,joho_shisu_decile,18,25238,72.33,8.59,68.36,False
SURFACE_2_ダ_未勝利,kijun_ninkijun_tansho+kyusha_hyoka_code,kijun_ninkijun_tansho,kyusha_hyoka_code,21,24547,76.97,20.13,68.36,False
SURFACE_2_ダ_未勝利,kyori_tekisei_2+shiba_tekisei_code,kyori_tekisei_2,shiba_tekisei_code,5,4234,72.15,4.33,68.35,False
SURFACE_2_ダ_未勝利,chokyo_shisu_decile+kishu_kitai_sanchakunai_ritsu,chokyo_shisu_decile,kishu_kitai_sanchakunai_ritsu,37,5118,73.89,17.21,68.34,False
SURFACE_2_ダ_未勝利,kyori_kubun+kijun_ninkijun_tansho,kyori_kubun,kijun_ninkijun_tansho,56,24797,73.22,18.62,68.34,False
SURFACE_2_ダ_未勝利,uma_deokure_bin+kishu_kitai_rentai_decile,uma_deokure_bin,kishu_kitai_rentai_decile,48,25094,72.01,13.06,68.31,False
SURFACE_2_ダ_未勝利,bataiju_zogen+kyusha_shisu_decile,bataiju_zogen,kyusha_shisu_decile,86,21087,70.88,12.22,68.3,False
SURFACE_2_ダ_未勝利,rotation_bin+kishu_minarai_code,rotation_bin,kishu_minarai_code,16,24388,71.94,7.44,68.3,False
SURFACE_2_ダ_未勝利,pace_shisu_juni+agari_shisu_juni,pace_shisu_juni,agari_shisu_juni,120,19261,70.65,13.18,68.29,False
SURFACE_2_ダ_未勝利,kyori_tekisei_2+gekiso_juni,kyori_tekisei_2,gekiso_juni,28,6612,72.58,11.58,68.29,False
SURFACE_2_ダ_未勝利,joho_shisu_decile+kyori_tekisei,joho_shisu_decile,kyori_tekisei,20,24581,71.82,8.07,68.28,False
SURFACE_2_ダ_未勝利,manken_shirushi+umakigo_code,manken_shirushi,umakigo_code,16,14255,74.52,12.79,68.25,False
SURFACE_2_ダ_未勝利,keibajo_code+agari_shisu_juni,keibajo_code,agari_shisu_juni,89,20866,70.83,12.41,68.25,False
SURFACE_2_ダ_未勝利,manken_shisu_decile+kyakushitsu,manken_shisu_decile,kyakushitsu,38,24655,70.42,6.84,68.25,False
SURFACE_2_ダ_未勝利,class_code+rotation_bin,class_code,rotation_bin,18,24092,71.85,7.8,68.25,False
SURFACE_2_ダ_未勝利,gekiso_juni+kyori_tekisei,gekiso_juni,kyori_tekisei,48,24110,71.16,10.35,68.24,False
SURFACE_2_ダ_未勝利,kishu_kitai_rentai_decile+kyusha_hyoka_code,kishu_kitai_rentai_decile,kyusha_hyoka_code,16,24802,74.34,12.45,68.24,False
SURFACE_2_ダ_未勝利,hizume_code+blinker,hizume_code,blinker,8,3679,70.72,3.58,68.23,False
SURFACE_2_ダ_未勝利,agari_shisu_juni+joho_shisu_decile,agari_shisu_juni,joho_shisu_decile,80,24238,70.68,11.22,68.22,False
SURFACE_2_ダ_未勝利,gekiso_juni+kyakushitsu,gekiso_juni,kyakushitsu,62,25135,70.38,8.81,68.19,False
SURFACE_2_ダ_未勝利,kyakushitsu+joho_shisu_decile,kyakushitsu,joho_shisu_decile,24,25254,71.66,8.68,68.19,False
SURFACE_2_ダ_未勝利,omo_tekisei_code+shiba_tekisei_code,omo_tekisei_code,shiba_tekisei_code,7,15861,69.5,1.81,68.16,False
SURFACE_2_ダ_未勝利,kyakushitsu+kishu_shisu_decile,kyakushitsu,kishu_shisu_decile,40,25254,72.58,14.29,68.15,False
SURFACE_2_ダ_未勝利,umakigo_code+ninki_shisu_decile,umakigo_code,ninki_shisu_decile,24,24884,72.1,9.85,68.15,False
SURFACE_2_ダ_未勝利,bataiju_zogen+kishu_shisu_decile,bataiju_zogen,kishu_shisu_decile,83,21025,71.32,14.82,68.14,False
SURFACE_2_ダ_未勝利,ninki_shisu_decile+kyusha_hyoka_code,ninki_shisu_decile,kyusha_hyoka_code,15,24695,73.27,10.2,68.11,False
SURFACE_2_ダ_未勝利,uma_deokure_bin+kishu_minarai_code,uma_deokure_bin,kishu_minarai_code,14,24696,72.35,8.11,68.1,False
SURFACE_2_ダ_未勝利,uma_deokure_bin+kishu_shisu_decile,uma_deokure_bin,kishu_shisu_decile,49,25151,71.64,12.67,68.09,False
SURFACE_2_ダ_未勝利,omo_tekisei_code+kijun_ninkijun_tansho,omo_tekisei_code,kijun_ninkijun_tansho,45,25016,71.85,12.93,68.07,False
SURFACE_2_ダ_未勝利,keibajo_code+kishu_kitai_tansho_decile,keibajo_code,kishu_kitai_tansho_decile,76,23993,71.72,16.28,68.06,False
SURFACE_2_ダ_未勝利,umakigo_code+kishu_shisu_decile,umakigo_code,kishu_shisu_decile,25,24858,73.07,12.83,68.04,False
SURFACE_2_ダ_未勝利,kyusha_shisu_decile+kyusha_hyoka_code,kyusha_shisu_decile,kyusha_hyoka_code,15,24597,72.14,8.12,68.03,False
SURFACE_2_ダ_未勝利,ichi_shisu_juni+blinker,ichi_shisu_juni,blinker,15,3913,70.41,4.71,68.03,False
SURFACE_2_ダ_未勝利,joho_shisu_decile+kishu_shisu_decile,joho_shisu_decile,kishu_shisu_decile,34,24656,71.37,9.95,68.03,False
SURFACE_2_ダ_未勝利,kijun_ninkijun_tansho+kyori_tekisei,kijun_ninkijun_tansho,kyori_tekisei,46,23973,73.81,20.07,68.01,False
SURFACE_2_ダ_未勝利,kyakushitsu+kyori_tekisei,kyakushitsu,kyori_tekisei,16,24811,71.87,7.91,68.0,False
SURFACE_2_ダ_未勝利,ls_shisu_juni+kishu_kitai_rentai_decile,ls_shisu_juni,kishu_kitai_rentai_decile,59,23848,72.59,18.06,67.99,False
SURFACE_2_ダ_未勝利,omo_tekisei_code+kyori_tekisei,omo_tekisei_code,kyori_tekisei,14,24980,70.84,5.45,67.99,False
SURFACE_2_ダ_未勝利,manken_shirushi+kijun_ninkijun_tansho,manken_shirushi,kijun_ninkijun_tansho,72,12400,71.75,16.31,67.98,False
SURFACE_2_ダ_未勝利,keibajo_code+kishu_shisu_decile,keibajo_code,kishu_shisu_decile,77,23902,71.74,16.93,67.96,False
SURFACE_2_ダ_未勝利,manken_shisu_decile+gekiso_juni,manken_shisu_decile,gekiso_juni,89,22295,70.3,11.46,67.92,False
SURFACE_2_ダ_未勝利,kyori_tekisei_2+kijun_ninkijun_tansho,kyori_tekisei_2,kijun_ninkijun_tansho,27,6600,71.88,10.56,67.89,False
SURFACE_2_ダ_未勝利,joho_shisu_decile+kishu_kitai_tansho_decile,joho_shisu_decile,kishu_kitai_tansho_decile,32,24580,71.46,10.3,67.89,False
SURFACE_2_ダ_未勝利,umakigo_code+gekiso_juni,umakigo_code,gekiso_juni,32,24231,70.81,8.44,67.89,False
SURFACE_2_ダ_未勝利,keibajo_code+kijun_ninkijun_tansho,keibajo_code,kijun_ninkijun_tansho,89,21293,71.49,17.42,67.87,False
SURFACE_2_ダ_未勝利,manken_shisu_decile+kyori_tekisei,manken_shisu_decile,kyori_tekisei,31,23775,70.84,8.54,67.84,False
SURFACE_2_ダ_未勝利,uma_start_shisu_decile+kishu_kitai_tansho_decile,uma_start_shisu_decile,kishu_kitai_tansho_decile,69,24488,71.56,15.83,67.83,False
SURFACE_2_ダ_未勝利,ls_shisu_juni+kyusha_hyoka_code,ls_shisu_juni,kyusha_hyoka_code,15,24617,72.53,9.32,67.82,False
SURFACE_2_ダ_未勝利,joho_shisu_decile+kishu_kitai_rentai_decile,joho_shisu_decile,kishu_kitai_rentai_decile,32,24625,71.64,11.04,67.82,False
SURFACE_2_ダ_未勝利,manken_shisu_decile+agari_shisu_juni,manken_shisu_decile,agari_shisu_juni,104,21569,70.18,12.35,67.8,False
SURFACE_2_ダ_未勝利,ichi_shisu_juni+kyusha_shisu_decile,ichi_shisu_juni,kyusha_shisu_decile,136,23390,70.07,13.65,67.77,False
SURFACE_2_ダ_未勝利,omo_tekisei_code+tenkai_kigo_code,omo_tekisei_code,tenkai_kigo_code,15,25238,73.75,11.87,67.74,False
SURFACE_2_ダ_未勝利,bataiju_zogen+kishu_kitai_rentai_decile,bataiju_zogen,kishu_kitai_rentai_decile,78,20797,71.54,17.23,67.72,False
SURFACE_2_ダ_未勝利,joho_shisu_decile+tenkai_kigo_code,joho_shisu_decile,tenkai_kigo_code,29,25166,71.66,10.85,67.71,False
SURFACE_2_ダ_未勝利,ls_shisu_juni+blinker,ls_shisu_juni,blinker,9,4099,75.28,11.62,67.69,False
SURFACE_2_ダ_未勝利,hizume_code+idm_decile,hizume_code,idm_decile,41,22890,71.64,12.91,67.68,False
SURFACE_2_ダ_未勝利,ls_shisu_juni+kijun_ninkijun_tansho,ls_shisu_juni,kijun_ninkijun_tansho,78,22750,71.57,17.61,67.66,False
SURFACE_2_ダ_未勝利,rotation_bin+kishu_shisu_decile,rotation_bin,kishu_shisu_decile,60,24180,71.54,15.33,67.66,False
SURFACE_2_ダ_未勝利,pace_shisu_juni+kyusha_shisu_decile,pace_shisu_juni,kyusha_shisu_decile,132,23127,69.91,13.29,67.64,False
SURFACE_2_ダ_未勝利,rotation_bin+kishu_kitai_rentai_decile,rotation_bin,kishu_kitai_rentai_decile,57,23991,71.65,15.57,67.61,False
SURFACE_2_ダ_未勝利,manken_shisu_decile+kishu_kitai_tansho_decile,manken_shisu_decile,kishu_kitai_tansho_decile,70,23323,71.81,18.02,67.58,False
SURFACE_2_ダ_未勝利,umakigo_code+kyusha_shisu_decile,umakigo_code,kyusha_shisu_decile,26,24997,72.27,12.25,67.57,False
SURFACE_2_ダ_未勝利,gekiso_juni+kishu_minarai_code,gekiso_juni,kishu_minarai_code,16,23230,70.91,6.82,67.57,False
SURFACE_2_ダ_未勝利,rotation_bin+kijun_ninkijun_tansho,rotation_bin,kijun_ninkijun_tansho,76,22762,70.59,13.49,67.56,False
SURFACE_2_ダ_未勝利,uma_start_shisu_decile+kishu_kitai_rentai_decile,uma_start_shisu_decile,kishu_kitai_rentai_decile,71,24664,71.01,14.9,67.55,False
SURFACE_2_ダ_未勝利,kishu_kitai_rentai_decile+kyori_tekisei,kishu_kitai_rentai_decile,kyori_tekisei,32,24357,73.21,16.35,67.54,False
SURFACE_2_ダ_未勝利,pace_shisu_juni+idm_decile,pace_shisu_juni,idm_decile,66,23651,70.96,14.25,67.52,False
SURFACE_2_ダ_未勝利,ten_shisu_juni+tenkai_kigo_code,ten_shisu_juni,tenkai_kigo_code,65,24514,70.75,13.31,67.51,False
SURFACE_2_ダ_未勝利,manken_shisu_decile+joho_shisu_decile,manken_shisu_decile,joho_shisu_decile,49,24203,70.46,10.58,67.49,False
SURFACE_2_ダ_未勝利,rotation_bin+kyusha_shisu_decile,rotation_bin,kyusha_shisu_decile,63,24326,70.24,11.17,67.48,False
SURFACE_2_ダ_未勝利,manken_shirushi+kyuyo_riyu_bunrui_code,manken_shirushi,kyuyo_riyu_bunrui_code,8,3460,71.92,6.41,67.48,False
SURFACE_2_ダ_未勝利,joho_shisu_decile+ninki_shisu_decile,joho_shisu_decile,ninki_shisu_decile,30,24770,70.7,9.05,67.46,False
SURFACE_2_ダ_未勝利,bataiju_zogen+kijun_ninkijun_tansho,bataiju_zogen,kijun_ninkijun_tansho,91,18162,70.22,13.4,67.46,False
SURFACE_2_ダ_未勝利,hizume_code+kijun_ninkijun_tansho,hizume_code,kijun_ninkijun_tansho,95,21039,70.24,13.85,67.46,False
SURFACE_2_ダ_未勝利,omo_tekisei_code+kishu_kitai_rentai_decile,omo_tekisei_code,kishu_kitai_rentai_decile,30,25238,72.84,15.06,67.45,False
SURFACE_2_ダ_未勝利,bataiju_zogen+kishu_kitai_tansho_decile,bataiju_zogen,kishu_kitai_tansho_decile,80,21070,71.09,16.75,67.42,False
SURFACE_2_ダ_未勝利,bataiju+ls_shisu_juni,bataiju,ls_shisu_juni,51,8484,71.35,14.37,67.4,False
SURFACE_2_ダ_未勝利,ichi_shisu_juni+kijun_ninkijun_tansho,ichi_shisu_juni,kijun_ninkijun_tansho,124,17913,69.95,14.54,67.39,False
SURFACE_2_ダ_未勝利,hizume_code+ninki_shisu_decile,hizume_code,ninki_shisu_decile,67,22221,70.61,13.45,67.39,False
SURFACE_2_ダ_未勝利,manken_shisu_decile+tenkai_kigo_code,manken_shisu_decile,tenkai_kigo_code,41,24457,70.89,11.48,67.38,False
SURFACE_2_ダ_未勝利,kyori_kubun+kishu_kitai_tansho_decile,kyori_kubun,kishu_kitai_tansho_decile,38,25181,72.88,17.38,67.35,False
SURFACE_2_ダ_未勝利,omo_tekisei_code+kishu_minarai_code,omo_tekisei_code,kishu_minarai_code,9,24845,73.35,9.18,67.35,False
SURFACE_2_ダ_未勝利,bataiju_zogen+joho_shisu_decile,bataiju_zogen,joho_shisu_decile,60,22788,70.15,11.18,67.32,False
SURFACE_2_ダ_未勝利,kyori_tekisei_2+joho_shisu_decile,kyori_tekisei_2,joho_shisu_decile,15,7352,73.05,11.36,67.3,False
SURFACE_2_ダ_未勝利,kyori_kubun+kishu_kitai_rentai_decile,kyori_kubun,kishu_kitai_rentai_decile,38,25155,72.54,16.57,67.27,False
SURFACE_2_ダ_未勝利,kyori_kubun+kishu_shisu_decile,kyori_kubun,kishu_shisu_decile,38,25114,72.6,16.76,67.27,False
SURFACE_2_ダ_未勝利,kyakushitsu+kishu_kitai_rentai_decile,kyakushitsu,kishu_kitai_rentai_decile,39,25186,72.02,15.15,67.26,False
SURFACE_2_ダ_未勝利,manken_shirushi+ninki_shisu_decile,manken_shirushi,ninki_shisu_decile,61,14215,70.91,14.58,67.26,False
SURFACE_2_ダ_未勝利,kyusha_hyoka_code+chokyo_shisu_decile,kyusha_hyoka_code,chokyo_shisu_decile,15,24607,72.78,10.93,67.25,False
SURFACE_2_ダ_未勝利,tenkai_kigo_code+kyori_tekisei,tenkai_kigo_code,kyori_tekisei,18,24731,71.66,9.54,67.25,False
SURFACE_2_ダ_未勝利,omo_tekisei_code+kyusha_shisu_decile,omo_tekisei_code,kyusha_shisu_decile,30,25238,70.64,9.5,67.24,False
SURFACE_2_ダ_未勝利,pace_shisu_juni+kishu_kitai_rentai_decile,pace_shisu_juni,kishu_kitai_rentai_decile,112,22689,69.54,12.45,67.24,False
SURFACE_2_ダ_未勝利,rotation_bin+kyori_tekisei,rotation_bin,kyori_tekisei,25,24350,70.65,8.69,67.24,False
SURFACE_2_ダ_未勝利,rotation_bin+kishu_kitai_tansho_decile,rotation_bin,kishu_kitai_tansho_decile,57,23985,71.23,15.43,67.22,False
SURFACE_2_ダ_未勝利,kyori_kubun+kyori_tekisei,kyori_kubun,kyori_tekisei,15,24906,69.99,5.5,67.21,False
SURFACE_2_ダ_未勝利,omo_tekisei_code+blinker,omo_tekisei_code,blinker,5,4377,71.8,5.25,67.2,False
SURFACE_2_ダ_未勝利,hizume_code+kyusha_shisu_decile,hizume_code,kyusha_shisu_decile,78,22743,70.13,13.24,67.19,False
SURFACE_2_ダ_未勝利,bataiju_zogen+idm_decile,bataiju_zogen,idm_decile,55,22846,70.44,12.32,67.19,False
SURFACE_2_ダ_未勝利,kyakushitsu+rotation_bin,kyakushitsu,rotation_bin,30,25092,70.82,10.14,67.19,False
SURFACE_2_ダ_未勝利,bataiju+shiba_tekisei_code,bataiju,shiba_tekisei_code,59,12383,69.88,10.68,67.16,False
SURFACE_2_ダ_未勝利,ls_shisu_juni+chokyo_shisu_decile,ls_shisu_juni,chokyo_shisu_decile,61,23936,70.17,12.07,67.14,False
SURFACE_2_ダ_未勝利,pace_shisu_juni+da_tekisei_code,pace_shisu_juni,da_tekisei_code,28,23458,70.81,9.89,67.14,False
SURFACE_2_ダ_未勝利,joho_shisu_decile+kyusha_shisu_decile,joho_shisu_decile,kyusha_shisu_decile,27,24737,70.06,7.74,67.14,False
SURFACE_2_ダ_未勝利,kishu_kitai_tansho_decile+kyori_tekisei,kishu_kitai_tansho_decile,kyori_tekisei,32,24374,73.02,16.99,67.13,False
SURFACE_2_ダ_未勝利,agari_shisu_juni+kishu_minarai_code,agari_shisu_juni,kishu_minarai_code,16,23230,70.87,7.66,67.12,False
SURFACE_2_ダ_未勝利,blinker+kishu_minarai_code,blinker,kishu_minarai_code,4,4394,72.05,5.05,67.11,False
SURFACE_2_ダ_未勝利,uma_deokure_bin+kyusha_shisu_decile,uma_deokure_bin,kyusha_shisu_decile,50,25244,69.68,9.3,67.1,False
SURFACE_2_ダ_未勝利,uma_start_shisu_decile+kyusha_shisu_decile,uma_start_shisu_decile,kyusha_shisu_decile,78,25048,69.78,12.09,67.1,False
SURFACE_2_ダ_未勝利,class_code+gekiso_juni,class_code,gekiso_juni,25,22840,71.27,10.67,67.09,False
SURFACE_2_ダ_未勝利,kyusha_shisu_decile+kishu_kitai_tansho_decile,kyusha_shisu_decile,kishu_kitai_tansho_decile,58,23603,71.18,15.89,67.08,False
SURFACE_2_ダ_未勝利,ten_shisu_juni+kijun_ninkijun_tansho,ten_shisu_juni,kijun_ninkijun_tansho,125,17812,69.76,15.39,67.07,False
SURFACE_2_ダ_未勝利,uma_start_shisu_decile+kishu_shisu_decile,uma_start_shisu_decile,kishu_shisu_decile,72,24572,70.64,15.52,67.06,False
SURFACE_2_ダ_未勝利,keibajo_code+kyusha_shisu_decile,keibajo_code,kyusha_shisu_decile,76,23692,69.91,12.65,67.06,False
SURFACE_2_ダ_未勝利,uma_deokure_bin+kijun_ninkijun_tansho,uma_deokure_bin,kijun_ninkijun_tansho,70,24571,70.53,14.83,67.06,False
SURFACE_2_ダ_未勝利,kyakushitsu+kishu_minarai_code,kyakushitsu,kishu_minarai_code,13,24875,72.29,9.64,67.06,False
SURFACE_2_ダ_未勝利,gekiso_juni+kijun_ninkijun_tansho,gekiso_juni,kijun_ninkijun_tansho,112,17601,69.82,14.92,67.05,False
SURFACE_2_ダ_未勝利,ls_shisu_juni+ninki_shisu_decile,ls_shisu_juni,ninki_shisu_decile,56,23814,70.03,11.37,67.05,False
SURFACE_2_ダ_未勝利,ten_shisu_juni+idm_decile,ten_shisu_juni,idm_decile,72,24208,69.91,12.51,67.02,False
SURFACE_2_ダ_未勝利,ls_shisu_juni+shiba_tekisei_code,ls_shisu_juni,shiba_tekisei_code,17,15651,70.66,7.65,67.02,False
SURFACE_2_ダ_未勝利,pace_shisu_juni+kishu_kitai_tansho_decile,pace_shisu_juni,kishu_kitai_tansho_decile,111,22643,69.4,12.87,67.01,False
SURFACE_2_ダ_未勝利,ichi_shisu_juni+idm_decile,ichi_shisu_juni,idm_decile,72,24233,70.24,14.0,67.0,False
SURFACE_2_ダ_未勝利,omo_tekisei_code+manken_shisu_decile,omo_tekisei_code,manken_shisu_decile,30,24764,70.73,10.41,67.0,False
SURFACE_2_ダ_未勝利,kyusha_hyoka_code+da_tekisei_code,kyusha_hyoka_code,da_tekisei_code,6,23890,74.56,9.45,66.99,False
SURFACE_2_ダ_未勝利,ten_shisu_juni+kyusha_shisu_decile,ten_shisu_juni,kyusha_shisu_decile,137,23400,69.47,14.91,66.98,False
SURFACE_2_ダ_未勝利,agari_shisu_juni+kishu_shisu_decile,agari_shisu_juni,kishu_shisu_decile,113,22126,69.56,13.96,66.98,False
SURFACE_2_ダ_未勝利,manken_shisu_decile+kishu_shisu_decile,manken_shisu_decile,kishu_shisu_decile,77,23774,71.1,18.57,66.95,False
SURFACE_2_ダ_未勝利,manken_shirushi+shiba_tekisei_code,manken_shirushi,shiba_tekisei_code,16,9268,70.33,6.95,66.93,False
SURFACE_2_ダ_未勝利,agari_shisu_juni+kijun_ninkijun_tansho,agari_shisu_juni,kijun_ninkijun_tansho,122,17848,69.71,15.78,66.91,False
SURFACE_2_ダ_未勝利,umakigo_code+kyori_tekisei,umakigo_code,kyori_tekisei,13,25090,71.55,8.63,66.86,False
SURFACE_2_ダ_未勝利,ichi_shisu_juni+ninki_shisu_decile,ichi_shisu_juni,ninki_shisu_decile,115,22888,69.49,14.54,66.83,False
SURFACE_2_ダ_未勝利,umakigo_code+hizume_code,umakigo_code,hizume_code,26,24297,70.93,10.69,66.82,False
SURFACE_2_ダ_未勝利,kishu_minarai_code+tenkai_kigo_code,kishu_minarai_code,tenkai_kigo_code,9,24465,71.45,7.14,66.79,False
SURFACE_2_ダ_未勝利,blinker+bataiju_zogen,blinker,bataiju_zogen,11,3628,72.27,9.28,66.78,False
SURFACE_2_ダ_未勝利,umakigo_code+kyusha_hyoka_code,umakigo_code,kyusha_hyoka_code,6,24974,74.42,9.56,66.77,False
SURFACE_2_ダ_未勝利,uma_deokure_bin+shiba_tekisei_code,uma_deokure_bin,shiba_tekisei_code,10,15749,69.7,4.75,66.76,False
SURFACE_2_ダ_未勝利,kyori_kubun+kyusha_shisu_decile,kyori_kubun,kyusha_shisu_decile,38,25104,69.61,9.0,66.75,False
SURFACE_2_ダ_未勝利,kishu_kitai_tansho_decile+idm_decile,kishu_kitai_tansho_decile,idm_decile,41,24465,72.78,19.86,66.7,False
SURFACE_2_ダ_未勝利,kyusha_shisu_decile+kyori_tekisei,kyusha_shisu_decile,kyori_tekisei,30,24110,69.78,8.59,66.7,False
SURFACE_2_ダ_未勝利,keibajo_code+kishu_kitai_rentai_decile,keibajo_code,kishu_kitai_rentai_decile,74,23802,69.59,12.71,66.69,False
SURFACE_2_ダ_未勝利,kijun_ninkijun_tansho+kyusha_shisu_decile,kijun_ninkijun_tansho,kyusha_shisu_decile,86,22942,70.05,15.97,66.68,False
SURFACE_2_ダ_未勝利,hizume_code+kishu_minarai_code,hizume_code,kishu_minarai_code,22,23838,70.8,9.94,66.65,False
SURFACE_2_ダ_未勝利,pace_shisu_juni+kijun_ninkijun_tansho,pace_shisu_juni,kijun_ninkijun_tansho,125,18095,69.25,14.86,66.65,False
SURFACE_2_ダ_未勝利,kyori_tekisei_2+kishu_shisu_decile,kyori_tekisei_2,kishu_shisu_decile,20,6874,71.59,11.32,66.63,False
SURFACE_2_ダ_未勝利,kijun_ninkijun_tansho+kishu_kitai_sanchakunai_ritsu,kijun_ninkijun_tansho,kishu_kitai_sanchakunai_ritsu,46,6127,72.06,18.86,66.61,False
SURFACE_2_ダ_未勝利,kijun_ninkijun_tansho+tenkai_kigo_code,kijun_ninkijun_tansho,tenkai_kigo_code,59,24076,72.02,21.27,66.59,False
SURFACE_2_ダ_未勝利,ten_shisu_juni+kishu_kitai_rentai_decile,ten_shisu_juni,kishu_kitai_rentai_decile,112,22473,69.38,15.14,66.58,False
SURFACE_2_ダ_未勝利,kyakushitsu+kijun_ninkijun_tansho,kyakushitsu,kijun_ninkijun_tansho,58,24825,70.05,13.53,66.57,False
SURFACE_2_ダ_未勝利,uma_start_shisu_decile+kijun_ninkijun_tansho,uma_start_shisu_decile,kijun_ninkijun_tansho,92,22924,69.57,14.72,66.56,False
SURFACE_2_ダ_未勝利,kyakushitsu+agari_shisu_juni,kyakushitsu,agari_shisu_juni,59,24931,69.53,11.65,66.55,False
SURFACE_2_ダ_未勝利,agari_shisu_juni+kishu_kitai_rentai_decile,agari_shisu_juni,kishu_kitai_rentai_decile,111,22606,69.21,14.32,66.54,False
SURFACE_2_ダ_未勝利,ichi_shisu_juni+kishu_kitai_rentai_decile,ichi_shisu_juni,kishu_kitai_rentai_decile,111,22489,68.98,13.11,66.54,False
SURFACE_2_ダ_未勝利,ten_shisu_juni+kishu_kitai_tansho_decile,ten_shisu_juni,kishu_kitai_tansho_decile,111,22446,69.06,13.65,66.52,False
SURFACE_2_ダ_未勝利,manken_shisu_decile+kishu_kitai_rentai_decile,manken_shisu_decile,kishu_kitai_rentai_decile,68,23058,70.23,15.58,66.52,False
SURFACE_2_ダ_未勝利,omo_tekisei_code+da_tekisei_code,omo_tekisei_code,da_tekisei_code,7,23965,72.09,7.51,66.52,False
SURFACE_2_ダ_未勝利,pace_shisu_juni+ninki_shisu_decile,pace_shisu_juni,ninki_shisu_decile,113,22805,68.98,13.4,66.51,False
SURFACE_2_ダ_未勝利,class_code+hizume_code,class_code,hizume_code,28,23545,70.71,11.33,66.51,False
SURFACE_2_ダ_未勝利,kishu_shisu_decile+idm_decile,kishu_shisu_decile,idm_decile,42,24545,72.26,19.04,66.5,False
SURFACE_2_ダ_未勝利,pace_shisu_juni+kishu_shisu_decile,pace_shisu_juni,kishu_shisu_decile,115,22294,69.0,13.69,66.49,False
SURFACE_2_ダ_未勝利,manken_shisu_decile+da_tekisei_code,manken_shisu_decile,da_tekisei_code,18,23245,70.03,7.68,66.48,False
SURFACE_2_ダ_未勝利,kishu_minarai_code+joho_shisu_decile,kishu_minarai_code,joho_shisu_decile,10,24374,71.68,8.43,66.46,False
SURFACE_2_ダ_未勝利,gekiso_juni+kishu_kitai_rentai_decile,gekiso_juni,kishu_kitai_rentai_decile,103,22277,68.93,12.78,66.46,False
SURFACE_2_ダ_未勝利,ten_shisu_juni+ninki_shisu_decile,ten_shisu_juni,ninki_shisu_decile,116,22944,68.79,12.83,66.45,False
SURFACE_2_ダ_未勝利,class_code+bataiju_zogen,class_code,bataiju_zogen,30,23124,69.79,9.35,66.45,False
SURFACE_2_ダ_未勝利,kyori_kubun+da_tekisei_code,kyori_kubun,da_tekisei_code,7,23730,70.08,4.9,66.45,False
SURFACE_2_ダ_未勝利,hizume_code+chokyo_shisu_decile,hizume_code,chokyo_shisu_decile,72,22216,69.54,13.39,66.45,False
SURFACE_2_ダ_未勝利,agari_shisu_juni+idm_decile,agari_shisu_juni,idm_decile,69,24282,69.53,13.14,66.43,False
SURFACE_2_ダ_未勝利,bataiju_zogen+da_tekisei_code,bataiju_zogen,da_tekisei_code,25,22977,69.88,8.82,66.42,False
SURFACE_2_ダ_未勝利,hizume_code+da_tekisei_code,hizume_code,da_tekisei_code,24,23515,69.61,7.98,66.42,False
SURFACE_2_ダ_未勝利,keibajo_code+ninki_shisu_decile,keibajo_code,ninki_shisu_decile,73,23806,69.46,13.37,66.39,False
SURFACE_2_ダ_未勝利,kishu_kitai_sanchakunai_ritsu+kyori_tekisei,kishu_kitai_sanchakunai_ritsu,kyori_tekisei,50,8229,71.79,19.58,66.37,False
SURFACE_2_ダ_未勝利,manken_shirushi+sogo_shisu_decile,manken_shirushi,sogo_shisu_decile,36,14292,70.94,14.0,66.37,False
SURFACE_2_ダ_未勝利,kyori_tekisei_2+ninki_shisu_decile,kyori_tekisei_2,ninki_shisu_decile,20,7013,71.31,11.28,66.36,False
SURFACE_2_ダ_未勝利,class_code+da_tekisei_code,class_code,da_tekisei_code,9,23589,74.83,12.96,66.36,False
SURFACE_2_ダ_未勝利,kyori_kubun+class_code,kyori_kubun,class_code,11,24262,71.37,8.5,66.35,False
SURFACE_2_ダ_未勝利,ten_shisu_juni+chokyo_shisu_decile,ten_shisu_juni,chokyo_shisu_decile,114,21486,69.06,14.78,66.35,False
SURFACE_2_ダ_未勝利,ichi_shisu_juni+kishu_kitai_tansho_decile,ichi_shisu_juni,kishu_kitai_tansho_decile,109,22382,68.77,12.88,66.35,False
SURFACE_2_ダ_未勝利,kijun_ninkijun_tansho+idm_decile,kijun_ninkijun_tansho,idm_decile,57,23727,70.23,14.99,66.34,False
SURFACE_2_ダ_未勝利,tenkai_kigo_code+kyusha_hyoka_code,tenkai_kigo_code,kyusha_hyoka_code,11,24910,72.99,11.25,66.34,False
SURFACE_2_ダ_未勝利,bataiju_zogen+sogo_shisu_decile,bataiju_zogen,sogo_shisu_decile,53,22082,69.46,11.65,66.33,False
SURFACE_2_ダ_未勝利,manken_shirushi+da_tekisei_code,manken_shirushi,da_tekisei_code,10,13917,71.63,8.61,66.29,False
SURFACE_2_ダ_未勝利,uma_deokure_bin+ninki_shisu_decile,uma_deokure_bin,ninki_shisu_decile,46,24993,69.65,11.65,66.29,False
SURFACE_2_ダ_未勝利,hizume_code+sogo_shisu_decile,hizume_code,sogo_shisu_decile,46,22928,70.24,13.72,66.28,False
SURFACE_2_ダ_未勝利,kyori_kubun+kishu_kitai_sanchakunai_ritsu,kyori_kubun,kishu_kitai_sanchakunai_ritsu,50,8314,71.61,19.23,66.28,False
SURFACE_2_ダ_未勝利,kyori_kubun+shiba_tekisei_code,kyori_kubun,shiba_tekisei_code,8,15749,68.95,3.91,66.24,False
SURFACE_2_ダ_未勝利,pace_shisu_juni+chokyo_shisu_decile,pace_shisu_juni,chokyo_shisu_decile,119,22219,68.81,14.29,66.24,False
SURFACE_2_ダ_未勝利,class_code+kishu_minarai_code,class_code,kishu_minarai_code,9,24532,73.54,11.22,66.21,False
SURFACE_2_ダ_未勝利,kishu_kitai_rentai_decile+idm_decile,kishu_kitai_rentai_decile,idm_decile,42,24563,71.93,18.95,66.2,False
SURFACE_2_ダ_未勝利,kishu_minarai_code+da_tekisei_code,kishu_minarai_code,da_tekisei_code,7,23824,73.24,9.54,66.17,False
SURFACE_2_ダ_未勝利,gekiso_juni+shiba_tekisei_code,gekiso_juni,shiba_tekisei_code,32,15749,68.52,6.85,66.14,False
SURFACE_2_ダ_未勝利,gekiso_juni+kyusha_shisu_decile,gekiso_juni,kyusha_shisu_decile,122,22619,68.63,13.99,66.14,False
SURFACE_2_ダ_未勝利,ichi_shisu_juni+chokyo_shisu_decile,ichi_shisu_juni,chokyo_shisu_decile,119,22002,69.07,16.42,66.12,False
SURFACE_2_ダ_未勝利,kyusha_shisu_decile+kishu_kitai_rentai_decile,kyusha_shisu_decile,kishu_kitai_rentai_decile,62,23976,69.92,15.26,66.12,False
SURFACE_2_ダ_未勝利,keibajo_code+chokyo_shisu_decile,keibajo_code,chokyo_shisu_decile,77,23884,68.93,12.63,66.11,False
SURFACE_2_ダ_未勝利,manken_shisu_decile+kyusha_shisu_decile,manken_shisu_decile,kyusha_shisu_decile,83,23733,68.78,12.51,66.09,False
SURFACE_2_ダ_未勝利,ichi_shisu_juni+kishu_shisu_decile,ichi_shisu_juni,kishu_shisu_decile,114,22118,68.49,13.12,66.08,False
SURFACE_2_ダ_未勝利,kishu_minarai_code+kishu_kitai_tansho_decile,kishu_minarai_code,kishu_kitai_tansho_decile,15,23980,73.27,14.22,66.08,False
SURFACE_2_ダ_未勝利,kishu_shisu_decile+kyori_tekisei,kishu_shisu_decile,kyori_tekisei,32,24349,72.09,17.35,66.08,False
SURFACE_2_ダ_未勝利,omo_tekisei_code+class_code,omo_tekisei_code,class_code,11,24578,71.04,8.42,66.07,False
SURFACE_2_ダ_未勝利,joho_shisu_decile+chokyo_shisu_decile,joho_shisu_decile,chokyo_shisu_decile,31,24813,69.5,9.81,66.04,False
SURFACE_2_ダ_未勝利,kishu_kitai_sanchakunai_ritsu+da_tekisei_code,kishu_kitai_sanchakunai_ritsu,da_tekisei_code,37,10832,70.0,12.31,66.04,False
SURFACE_2_ダ_未勝利,manken_shisu_decile+shiba_tekisei_code,manken_shisu_decile,shiba_tekisei_code,20,15454,69.15,7.14,66.02,False
SURFACE_2_ダ_未勝利,omo_tekisei_code+kishu_kitai_sanchakunai_ritsu,omo_tekisei_code,kishu_kitai_sanchakunai_ritsu,46,8837,70.45,15.43,65.99,False
SURFACE_2_ダ_未勝利,kyakushitsu+tenkai_kigo_code,kyakushitsu,tenkai_kigo_code,14,25164,72.06,11.61,65.98,False
SURFACE_2_ダ_未勝利,blinker+agari_shisu_juni,blinker,agari_shisu_juni,16,4001,69.95,8.13,65.97,False
SURFACE_2_ダ_未勝利,kyakushitsu+kyusha_shisu_decile,kyakushitsu,kyusha_shisu_decile,40,25254,69.05,9.95,65.97,False
SURFACE_2_ダ_未勝利,manken_shisu_decile+kijun_ninkijun_tansho,manken_shisu_decile,kijun_ninkijun_tansho,93,21509,69.27,16.34,65.95,False
SURFACE_2_ダ_未勝利,umakigo_code+agari_shisu_juni,umakigo_code,agari_shisu_juni,28,23797,69.68,10.07,65.95,False
SURFACE_2_ダ_未勝利,agari_shisu_juni+kyusha_shisu_decile,agari_shisu_juni,kyusha_shisu_decile,130,22990,68.39,14.42,65.91,False
SURFACE_2_ダ_未勝利,ten_shisu_juni+kishu_shisu_decile,ten_shisu_juni,kishu_shisu_decile,118,22396,68.45,14.14,65.9,False
SURFACE_2_ダ_未勝利,kyusha_shisu_decile+kishu_shisu_decile,kyusha_shisu_decile,kishu_shisu_decile,64,24102,69.7,15.52,65.9,False
SURFACE_2_ダ_未勝利,bataiju_zogen+ninki_shisu_decile,bataiju_zogen,ninki_shisu_decile,84,21572,69.05,14.84,65.88,False
SURFACE_2_ダ_未勝利,ten_shisu_juni+shiba_tekisei_code,ten_shisu_juni,shiba_tekisei_code,32,15749,68.2,6.71,65.87,False
SURFACE_2_ダ_未勝利,gekiso_juni+kishu_kitai_tansho_decile,gekiso_juni,kishu_kitai_tansho_decile,104,22442,68.35,12.99,65.86,False
SURFACE_2_ダ_未勝利,agari_shisu_juni+kishu_kitai_tansho_decile,agari_shisu_juni,kishu_kitai_tansho_decile,110,22573,68.41,13.7,65.85,False
SURFACE_2_ダ_未勝利,kyusha_shisu_decile+tenkai_kigo_code,kyusha_shisu_decile,tenkai_kigo_code,47,25056,68.77,10.31,65.83,False
SURFACE_2_ダ_未勝利,kishu_minarai_code+kishu_shisu_decile,kishu_minarai_code,kishu_shisu_decile,15,23978,72.92,14.01,65.82,False
SURFACE_2_ダ_未勝利,ls_shisu_juni+da_tekisei_code,ls_shisu_juni,da_tekisei_code,15,23513,70.21,8.66,65.82,False
SURFACE_2_ダ_未勝利,blinker+kyusha_hyoka_code,blinker,kyusha_hyoka_code,4,4533,72.64,6.96,65.82,False
SURFACE_2_ダ_未勝利,gekiso_juni+kishu_shisu_decile,gekiso_juni,kishu_shisu_decile,110,22339,68.13,12.37,65.82,False
SURFACE_2_ダ_未勝利,uma_start_shisu_decile+ninki_shisu_decile,uma_start_shisu_decile,ninki_shisu_decile,69,24655,68.89,13.11,65.8,False
SURFACE_2_ダ_未勝利,uma_deokure_bin+blinker,uma_deokure_bin,blinker,7,4237,70.52,6.36,65.8,False
SURFACE_2_ダ_未勝利,keibajo_code+class_code,keibajo_code,class_code,21,23835,69.91,9.76,65.73,False
SURFACE_2_ダ_未勝利,ls_shisu_juni+idm_decile,ls_shisu_juni,idm_decile,37,24484,69.87,12.87,65.72,False
SURFACE_2_ダ_未勝利,manken_shirushi+blinker,manken_shirushi,blinker,8,2567,70.7,7.19,65.71,False
SURFACE_2_ダ_未勝利,class_code+agari_shisu_juni,class_code,agari_shisu_juni,31,23454,69.82,11.71,65.7,False
SURFACE_2_ダ_未勝利,agari_shisu_juni+ninki_shisu_decile,agari_shisu_juni,ninki_shisu_decile,113,22827,68.37,14.58,65.68,False
SURFACE_2_ダ_未勝利,keibajo_code+shiba_tekisei_code,keibajo_code,shiba_tekisei_code,19,15668,69.64,8.86,65.65,False
SURFACE_2_ダ_未勝利,uma_start_shisu_decile+shiba_tekisei_code,uma_start_shisu_decile,shiba_tekisei_code,16,15729,69.11,7.09,65.63,False
SURFACE_2_ダ_未勝利,bataiju_zogen+chokyo_shisu_decile,bataiju_zogen,chokyo_shisu_decile,84,21011,68.5,13.48,65.61,False
SURFACE_2_ダ_未勝利,kishu_shisu_decile+chokyo_shisu_decile,kishu_shisu_decile,chokyo_shisu_decile,51,23884,70.06,16.2,65.61,False
SURFACE_2_ダ_未勝利,agari_shisu_juni+chokyo_shisu_decile,agari_shisu_juni,chokyo_shisu_decile,115,21849,68.1,13.64,65.61,False
SURFACE_2_ダ_未勝利,ichi_shisu_juni+da_tekisei_code,ichi_shisu_juni,da_tekisei_code,29,23585,69.56,10.87,65.6,False
SURFACE_2_ダ_未勝利,kishu_kitai_tansho_decile+chokyo_shisu_decile,kishu_kitai_tansho_decile,chokyo_shisu_decile,49,23748,70.44,17.29,65.6,False
SURFACE_2_ダ_未勝利,uma_deokure_bin+da_tekisei_code,uma_deokure_bin,da_tekisei_code,10,23813,69.08,5.63,65.59,False
SURFACE_2_ダ_未勝利,omo_tekisei_code+chokyo_shisu_decile,omo_tekisei_code,chokyo_shisu_decile,30,25228,69.0,9.57,65.57,False
SURFACE_2_ダ_未勝利,gekiso_juni+ninki_shisu_decile,gekiso_juni,ninki_shisu_decile,104,22358,67.98,12.68,65.54,False
SURFACE_2_ダ_未勝利,kyakushitsu+ninki_shisu_decile,kyakushitsu,ninki_shisu_decile,38,25109,69.19,11.56,65.52,False
SURFACE_2_ダ_未勝利,uma_deokure_bin+chokyo_shisu_decile,uma_deokure_bin,chokyo_shisu_decile,50,25234,68.27,9.92,65.52,False
SURFACE_2_ダ_未勝利,manken_shisu_decile+blinker,manken_shisu_decile,blinker,9,3887,70.51,7.65,65.51,False
SURFACE_2_ダ_未勝利,kyakushitsu+shiba_tekisei_code,kyakushitsu,shiba_tekisei_code,8,15749,68.66,4.55,65.51,False
SURFACE_2_ダ_未勝利,ichi_shisu_juni+sogo_shisu_decile,ichi_shisu_juni,sogo_shisu_decile,75,23952,68.79,14.52,65.51,False
SURFACE_2_ダ_未勝利,ninki_shisu_decile+kyori_tekisei,ninki_shisu_decile,kyori_tekisei,29,24039,69.03,9.66,65.51,False
SURFACE_2_ダ_未勝利,rotation_bin+chokyo_shisu_decile,rotation_bin,chokyo_shisu_decile,62,24272,68.89,13.63,65.49,False
SURFACE_2_ダ_未勝利,tenkai_kigo_code+ninki_shisu_decile,tenkai_kigo_code,ninki_shisu_decile,42,24849,69.07,11.89,65.48,False
SURFACE_2_ダ_未勝利,gekiso_juni+idm_decile,gekiso_juni,idm_decile,70,24079,68.7,13.78,65.48,False
SURFACE_2_ダ_未勝利,pace_shisu_juni+shiba_tekisei_code,pace_shisu_juni,shiba_tekisei_code,32,15749,68.3,8.16,65.47,False
SURFACE_2_ダ_未勝利,ichi_shisu_juni+shiba_tekisei_code,ichi_shisu_juni,shiba_tekisei_code,32,15749,68.22,8.03,65.44,False
SURFACE_2_ダ_未勝利,blinker+kijun_ninkijun_tansho,blinker,kijun_ninkijun_tansho,14,3860,72.85,14.15,65.44,False
SURFACE_2_ダ_未勝利,keibajo_code+idm_decile,keibajo_code,idm_decile,43,24347,69.02,12.02,65.43,False
SURFACE_2_ダ_未勝利,bataiju_zogen+shiba_tekisei_code,bataiju_zogen,shiba_tekisei_code,26,14943,68.58,8.23,65.42,False
SURFACE_2_ダ_未勝利,kijun_ninkijun_tansho+kishu_kitai_rentai_decile,kijun_ninkijun_tansho,kishu_kitai_rentai_decile,48,23995,70.59,18.32,65.41,False
SURFACE_2_ダ_未勝利,blinker+kyusha_shisu_decile,blinker,kyusha_shisu_decile,10,4001,71.22,9.44,65.38,False
SURFACE_2_ダ_未勝利,blinker+shiba_tekisei_code,blinker,shiba_tekisei_code,4,2720,70.52,5.27,65.35,False
SURFACE_2_ダ_未勝利,kijun_ninkijun_tansho+chokyo_shisu_decile,kijun_ninkijun_tansho,chokyo_shisu_decile,71,22894,69.06,16.19,65.29,False
SURFACE_2_ダ_未勝利,pace_shisu_juni+tenkai_kigo_code,pace_shisu_juni,tenkai_kigo_code,62,24461,68.87,14.36,65.29,False
SURFACE_2_ダ_未勝利,gekiso_juni+chokyo_shisu_decile,gekiso_juni,chokyo_shisu_decile,114,22145,67.83,13.85,65.29,False
SURFACE_2_ダ_未勝利,rotation_bin+ninki_shisu_decile,rotation_bin,ninki_shisu_decile,59,24287,69.16,15.24,65.27,False
SURFACE_2_ダ_未勝利,kishu_minarai_code+kishu_kitai_rentai_decile,kishu_minarai_code,kishu_kitai_rentai_decile,15,23980,72.45,14.29,65.22,False
SURFACE_2_ダ_未勝利,uma_start_shisu_decile+class_code,uma_start_shisu_decile,class_code,21,24152,70.3,11.91,65.21,False
SURFACE_2_ダ_未勝利,kishu_kitai_tansho_decile+kishu_kitai_rentai_decile,kishu_kitai_tansho_decile,kishu_kitai_rentai_decile,22,24873,70.8,13.48,65.16,False
SURFACE_2_ダ_未勝利,ninki_shisu_decile+kishu_kitai_sanchakunai_ritsu,ninki_shisu_decile,kishu_kitai_sanchakunai_ritsu,48,8320,71.58,22.69,65.16,False
SURFACE_2_ダ_未勝利,kijun_ninkijun_tansho+kishu_kitai_tansho_decile,kijun_ninkijun_tansho,kishu_kitai_tansho_decile,48,23928,70.3,18.22,65.14,False
SURFACE_2_ダ_未勝利,kyori_tekisei_2+idm_decile,kyori_tekisei_2,idm_decile,13,7400,71.5,11.71,65.13,False
SURFACE_2_ダ_未勝利,uma_start_shisu_decile+idm_decile,uma_start_shisu_decile,idm_decile,39,24775,69.21,13.09,65.11,False
SURFACE_2_ダ_未勝利,pace_shisu_juni+sogo_shisu_decile,pace_shisu_juni,sogo_shisu_decile,72,23674,68.52,14.76,65.11,False
SURFACE_2_ダ_未勝利,kyori_kubun+chokyo_shisu_decile,kyori_kubun,chokyo_shisu_decile,38,25105,68.78,11.56,65.1,False
SURFACE_2_ダ_未勝利,bataiju+kyuyo_riyu_bunrui_code,bataiju,kyuyo_riyu_bunrui_code,27,4212,70.64,14.71,65.09,False
SURFACE_2_ダ_未勝利,ten_shisu_juni+sogo_shisu_decile,ten_shisu_juni,sogo_shisu_decile,75,23918,68.16,13.63,65.08,False
SURFACE_2_ダ_未勝利,agari_shisu_juni+sogo_shisu_decile,agari_shisu_juni,sogo_shisu_decile,72,23921,68.05,12.88,65.07,False
SURFACE_2_ダ_未勝利,gekiso_juni+sogo_shisu_decile,gekiso_juni,sogo_shisu_decile,71,23673,68.33,14.09,65.05,False
SURFACE_2_ダ_未勝利,class_code+manken_shisu_decile,class_code,manken_shisu_decile,24,23537,69.3,10.66,65.04,False
SURFACE_2_ダ_未勝利,keibajo_code+sogo_shisu_decile,keibajo_code,sogo_shisu_decile,48,24335,68.58,12.77,64.97,False
SURFACE_2_ダ_未勝利,uma_deokure_bin+class_code,uma_deokure_bin,class_code,15,24349,69.64,9.25,64.96,False
SURFACE_2_ダ_未勝利,kyori_kubun+ninki_shisu_decile,kyori_kubun,ninki_shisu_decile,37,25129,68.95,12.44,64.95,False
SURFACE_2_ダ_未勝利,ten_shisu_juni+blinker,ten_shisu_juni,blinker,15,3903,69.72,9.46,64.93,False
SURFACE_2_ダ_未勝利,kijun_ninkijun_tansho+sogo_shisu_decile,kijun_ninkijun_tansho,sogo_shisu_decile,56,23658,70.06,19.59,64.93,False
SURFACE_2_ダ_未勝利,keibajo_code+blinker,keibajo_code,blinker,10,4001,70.81,9.51,64.92,False
SURFACE_2_ダ_未勝利,class_code+tenkai_kigo_code,class_code,tenkai_kigo_code,12,24225,70.53,9.94,64.91,False
SURFACE_2_ダ_未勝利,joho_shisu_decile+idm_decile,joho_shisu_decile,idm_decile,25,24881,70.37,13.97,64.89,False
SURFACE_2_ダ_未勝利,agari_shisu_juni+shiba_tekisei_code,agari_shisu_juni,shiba_tekisei_code,32,15749,68.28,9.86,64.86,False
SURFACE_2_ダ_未勝利,manken_shisu_decile+idm_decile,manken_shisu_decile,idm_decile,47,24192,68.72,13.53,64.85,False
SURFACE_2_ダ_未勝利,class_code+kyori_tekisei,class_code,kyori_tekisei,12,24083,69.9,8.94,64.84,False
SURFACE_2_ダ_未勝利,kyusha_shisu_decile+idm_decile,kyusha_shisu_decile,idm_decile,42,24376,68.36,11.69,64.83,False
SURFACE_2_ダ_未勝利,umakigo_code+sogo_shisu_decile,umakigo_code,sogo_shisu_decile,16,24990,70.01,10.61,64.81,False
SURFACE_2_ダ_未勝利,kishu_shisu_decile+kishu_kitai_rentai_decile,kishu_shisu_decile,kishu_kitai_rentai_decile,18,25198,72.38,16.38,64.81,False
SURFACE_2_ダ_未勝利,chokyo_shisu_decile+kyori_tekisei,chokyo_shisu_decile,kyori_tekisei,30,24100,68.27,9.69,64.8,False
SURFACE_2_ダ_未勝利,joho_shisu_decile+sogo_shisu_decile,joho_shisu_decile,sogo_shisu_decile,23,24813,68.88,10.03,64.78,False
SURFACE_2_ダ_未勝利,kishu_kitai_tansho_decile+kishu_shisu_decile,kishu_kitai_tansho_decile,kishu_shisu_decile,18,24698,70.64,12.71,64.77,False
SURFACE_2_ダ_未勝利,kishu_shisu_decile+sogo_shisu_decile,kishu_shisu_decile,sogo_shisu_decile,39,24406,69.51,15.14,64.76,False
SURFACE_2_ダ_未勝利,kyusha_shisu_decile+chokyo_shisu_decile,kyusha_shisu_decile,chokyo_shisu_decile,64,23693,67.77,12.49,64.71,False
SURFACE_2_ダ_未勝利,kyori_tekisei_2+kyusha_shisu_decile,kyori_tekisei_2,kyusha_shisu_decile,21,6959,70.25,13.04,64.67,False
SURFACE_2_ダ_未勝利,ten_shisu_juni+da_tekisei_code,ten_shisu_juni,da_tekisei_code,30,23657,69.06,12.29,64.66,False
SURFACE_2_ダ_未勝利,bataiju+chokyo_shisu_decile,bataiju,chokyo_shisu_decile,17,1795,72.2,15.91,64.64,False
SURFACE_2_ダ_未勝利,kijun_ninkijun_tansho+kishu_shisu_decile,kijun_ninkijun_tansho,kishu_shisu_decile,50,24245,69.64,18.04,64.64,False
SURFACE_2_ダ_未勝利,kyakushitsu+kyusha_hyoka_code,kyakushitsu,kyusha_hyoka_code,10,24913,71.23,10.68,64.61,False
SURFACE_2_ダ_未勝利,kyakushitsu+chokyo_shisu_decile,kyakushitsu,chokyo_shisu_decile,40,25244,67.63,9.83,64.58,False
SURFACE_2_ダ_未勝利,omo_tekisei_code+ninki_shisu_decile,omo_tekisei_code,ninki_shisu_decile,28,25070,68.51,10.63,64.57,False
SURFACE_2_ダ_未勝利,ls_shisu_juni+kishu_minarai_code,ls_shisu_juni,kishu_minarai_code,14,24022,69.01,8.5,64.56,False
SURFACE_2_ダ_未勝利,kyakushitsu+kishu_kitai_sanchakunai_ritsu,kyakushitsu,kishu_kitai_sanchakunai_ritsu,50,7547,69.91,19.31,64.55,False
SURFACE_2_ダ_未勝利,gekiso_juni+blinker,gekiso_juni,blinker,15,3932,72.77,16.27,64.54,False
SURFACE_2_ダ_未勝利,uma_start_shisu_decile+chokyo_shisu_decile,uma_start_shisu_decile,chokyo_shisu_decile,76,24864,67.68,14.08,64.52,False
SURFACE_2_ダ_未勝利,uma_deokure_bin+idm_decile,uma_deokure_bin,idm_decile,26,24953,68.72,10.93,64.52,False
SURFACE_2_ダ_未勝利,kishu_minarai_code+kyusha_shisu_decile,kishu_minarai_code,kyusha_shisu_decile,11,23338,68.69,7.06,64.51,False
SURFACE_2_ダ_未勝利,kyusha_shisu_decile+ninki_shisu_decile,kyusha_shisu_decile,ninki_shisu_decile,59,24105,67.16,10.42,64.51,False
SURFACE_2_ダ_未勝利,blinker+joho_shisu_decile,blinker,joho_shisu_decile,8,4344,70.38,8.55,64.45,False
SURFACE_2_ダ_未勝利,kishu_kitai_tansho_decile+kishu_kitai_sanchakunai_ritsu,kishu_kitai_tansho_decile,kishu_kitai_sanchakunai_ritsu,37,11841,68.41,12.35,64.43,False
SURFACE_2_ダ_未勝利,gekiso_juni+da_tekisei_code,gekiso_juni,da_tekisei_code,24,23388,68.97,11.34,64.43,False
SURFACE_2_ダ_未勝利,hizume_code+kyuyo_riyu_bunrui_code,hizume_code,kyuyo_riyu_bunrui_code,11,5864,69.25,8.16,64.43,False
SURFACE_2_ダ_未勝利,manken_shisu_decile+ninki_shisu_decile,manken_shisu_decile,ninki_shisu_decile,74,23631,67.48,13.48,64.41,False
SURFACE_2_ダ_未勝利,uma_start_shisu_decile+sogo_shisu_decile,uma_start_shisu_decile,sogo_shisu_decile,41,24596,68.55,13.74,64.35,False
SURFACE_2_ダ_未勝利,shiba_tekisei_code+kyuyo_riyu_bunrui_code,shiba_tekisei_code,kyuyo_riyu_bunrui_code,3,3911,65.17,0.72,64.35,False
SURFACE_2_ダ_未勝利,umakigo_code+shiba_tekisei_code,umakigo_code,shiba_tekisei_code,7,15939,70.65,8.57,64.3,False
SURFACE_2_ダ_未勝利,pace_shisu_juni+blinker,pace_shisu_juni,blinker,15,3927,69.76,10.8,64.3,False
SURFACE_2_ダ_未勝利,agari_shisu_juni+da_tekisei_code,agari_shisu_juni,da_tekisei_code,29,23567,69.09,13.24,64.27,False
SURFACE_2_ダ_未勝利,kijun_ninkijun_tansho+ninki_shisu_decile,kijun_ninkijun_tansho,ninki_shisu_decile,52,23537,71.04,24.94,64.26,False
SURFACE_2_ダ_未勝利,rotation_bin+da_tekisei_code,rotation_bin,da_tekisei_code,14,23733,68.87,8.8,64.26,False
SURFACE_2_ダ_未勝利,kishu_minarai_code+kijun_ninkijun_tansho,kishu_minarai_code,kijun_ninkijun_tansho,16,23230,76.09,24.22,64.23,False
SURFACE_2_ダ_未勝利,kishu_kitai_rentai_decile+kishu_kitai_sanchakunai_ritsu,kishu_kitai_rentai_decile,kishu_kitai_sanchakunai_ritsu,40,12070,68.06,12.5,64.19,False
SURFACE_2_ダ_未勝利,class_code+kijun_ninkijun_tansho,class_code,kijun_ninkijun_tansho,26,23421,71.81,19.87,64.18,False
SURFACE_2_ダ_未勝利,joho_shisu_decile+da_tekisei_code,joho_shisu_decile,da_tekisei_code,11,23745,70.83,11.29,64.16,False
SURFACE_2_ダ_未勝利,chokyo_shisu_decile+idm_decile,chokyo_shisu_decile,idm_decile,42,24524,67.54,11.18,64.16,False
SURFACE_2_ダ_未勝利,kishu_kitai_tansho_decile+sogo_shisu_decile,kishu_kitai_tansho_decile,sogo_shisu_decile,39,24448,69.12,15.81,64.15,False
SURFACE_2_ダ_未勝利,ninki_shisu_decile+idm_decile,ninki_shisu_decile,idm_decile,37,24223,68.76,14.3,64.15,False
SURFACE_2_ダ_未勝利,tenkai_kigo_code+chokyo_shisu_decile,tenkai_kigo_code,chokyo_shisu_decile,45,24891,67.66,12.35,64.05,False
SURFACE_2_ダ_未勝利,bataiju+blinker,bataiju,blinker,17,2034,71.35,15.37,64.04,False
SURFACE_2_ダ_未勝利,kishu_kitai_rentai_decile+chokyo_shisu_decile,kishu_kitai_rentai_decile,chokyo_shisu_decile,52,23991,68.65,17.08,64.01,False
SURFACE_2_ダ_未勝利,tenkai_kigo_code+sogo_shisu_decile,tenkai_kigo_code,sogo_shisu_decile,26,24937,68.41,11.5,63.99,False
SURFACE_2_ダ_未勝利,kishu_kitai_rentai_decile+sogo_shisu_decile,kishu_kitai_rentai_decile,sogo_shisu_decile,40,24548,68.44,14.63,63.9,False
SURFACE_2_ダ_未勝利,rotation_bin+kyusha_hyoka_code,rotation_bin,kyusha_hyoka_code,14,24678,70.97,13.54,63.87,False
SURFACE_2_ダ_未勝利,class_code+kyakushitsu,class_code,kyakushitsu,12,24349,68.77,8.7,63.84,False
SURFACE_2_ダ_未勝利,blinker+rotation_bin,blinker,rotation_bin,8,4034,71.13,10.55,63.82,False
SURFACE_2_ダ_未勝利,kyori_kubun+kyusha_hyoka_code,kyori_kubun,kyusha_hyoka_code,8,24809,72.16,12.06,63.81,False
SURFACE_2_ダ_未勝利,kishu_kitai_tansho_decile+ninki_shisu_decile,kishu_kitai_tansho_decile,ninki_shisu_decile,37,24571,69.84,18.81,63.78,False
SURFACE_2_ダ_未勝利,rotation_bin+idm_decile,rotation_bin,idm_decile,36,24723,68.72,15.12,63.78,False
SURFACE_2_ダ_未勝利,ls_shisu_juni+sogo_shisu_decile,ls_shisu_juni,sogo_shisu_decile,38,24325,68.24,14.07,63.77,False
SURFACE_2_ダ_未勝利,manken_shisu_decile+chokyo_shisu_decile,manken_shisu_decile,chokyo_shisu_decile,82,23651,66.71,13.61,63.76,False
SURFACE_2_ダ_未勝利,kyori_tekisei_2+sogo_shisu_decile,kyori_tekisei_2,sogo_shisu_decile,14,7387,70.11,12.19,63.73,False
SURFACE_2_ダ_未勝利,tenkai_kigo_code+idm_decile,tenkai_kigo_code,idm_decile,24,24940,68.8,12.86,63.66,False
SURFACE_2_ダ_未勝利,ninki_shisu_decile+sogo_shisu_decile,ninki_shisu_decile,sogo_shisu_decile,38,24521,66.94,10.35,63.65,False
SURFACE_2_ダ_未勝利,kyori_kubun+idm_decile,kyori_kubun,idm_decile,21,25079,68.58,11.53,63.65,False
SURFACE_2_ダ_未勝利,ninki_shisu_decile+chokyo_shisu_decile,ninki_shisu_decile,chokyo_shisu_decile,47,23969,66.67,10.65,63.63,False
SURFACE_2_ダ_未勝利,kyori_tekisei_2+blinker,kyori_tekisei_2,blinker,3,1307,70.05,5.7,63.6,False
SURFACE_2_ダ_未勝利,kishu_kitai_tansho_decile+shiba_tekisei_code,kishu_kitai_tansho_decile,shiba_tekisei_code,20,15749,71.83,18.78,63.6,False
SURFACE_2_ダ_未勝利,uma_start_shisu_decile+kishu_kitai_sanchakunai_ritsu,uma_start_shisu_decile,kishu_kitai_sanchakunai_ritsu,19,2661,70.15,14.85,63.48,False
SURFACE_2_ダ_未勝利,bataiju_zogen+kyuyo_riyu_bunrui_code,bataiju_zogen,kyuyo_riyu_bunrui_code,14,5576,67.52,7.77,63.46,False
SURFACE_2_ダ_未勝利,kishu_shisu_decile+kishu_kitai_sanchakunai_ritsu,kishu_shisu_decile,kishu_kitai_sanchakunai_ritsu,40,12557,67.46,12.95,63.45,False
SURFACE_2_ダ_未勝利,kyori_tekisei_2+umakigo_code,kyori_tekisei_2,umakigo_code,7,7582,73.8,13.99,63.43,False
SURFACE_2_ダ_未勝利,agari_shisu_juni+tenkai_kigo_code,agari_shisu_juni,tenkai_kigo_code,41,25149,67.0,11.68,63.42,False
SURFACE_2_ダ_未勝利,ls_shisu_juni+kishu_kitai_sanchakunai_ritsu,ls_shisu_juni,kishu_kitai_sanchakunai_ritsu,27,5086,70.78,19.59,63.39,False
SURFACE_2_ダ_未勝利,rotation_bin+shiba_tekisei_code,rotation_bin,shiba_tekisei_code,15,15678,67.13,7.46,63.35,False
SURFACE_2_ダ_未勝利,kyusha_shisu_decile+sogo_shisu_decile,kyusha_shisu_decile,sogo_shisu_decile,45,24669,67.19,13.21,63.34,False
SURFACE_2_ダ_未勝利,umakigo_code+kishu_kitai_sanchakunai_ritsu,umakigo_code,kishu_kitai_sanchakunai_ritsu,38,10813,67.43,13.09,63.27,False
SURFACE_2_ダ_未勝利,uma_start_shisu_decile+da_tekisei_code,uma_start_shisu_decile,da_tekisei_code,15,23704,68.31,9.95,63.27,False
SURFACE_2_ダ_未勝利,kishu_minarai_code+shiba_tekisei_code,kishu_minarai_code,shiba_tekisei_code,7,15677,67.54,5.77,63.26,False
SURFACE_2_ダ_未勝利,kyori_kubun+sogo_shisu_decile,kyori_kubun,sogo_shisu_decile,22,25040,68.04,11.51,63.23,False
SURFACE_2_ダ_未勝利,ls_shisu_juni+kyuyo_riyu_bunrui_code,ls_shisu_juni,kyuyo_riyu_bunrui_code,9,6151,68.55,8.18,63.21,False
SURFACE_2_ダ_未勝利,shiba_tekisei_code+da_tekisei_code,shiba_tekisei_code,da_tekisei_code,4,14564,67.21,4.09,63.2,False
SURFACE_2_ダ_未勝利,kishu_minarai_code+kyusha_hyoka_code,kishu_minarai_code,kyusha_hyoka_code,8,25108,70.64,10.78,63.17,False
SURFACE_2_ダ_未勝利,uma_start_shisu_decile+blinker,uma_start_shisu_decile,blinker,9,4103,69.96,10.54,63.07,False
SURFACE_2_ダ_未勝利,rotation_bin+sogo_shisu_decile,rotation_bin,sogo_shisu_decile,36,24401,67.61,13.98,63.05,False
SURFACE_2_ダ_未勝利,kishu_kitai_sanchakunai_ritsu+idm_decile,kishu_kitai_sanchakunai_ritsu,idm_decile,45,7069,68.97,20.3,63.04,False
SURFACE_2_ダ_未勝利,kishu_kitai_sanchakunai_ritsu+sogo_shisu_decile,kishu_kitai_sanchakunai_ritsu,sogo_shisu_decile,48,7489,68.7,20.01,63.04,False
SURFACE_2_ダ_未勝利,class_code+kishu_kitai_sanchakunai_ritsu,class_code,kishu_kitai_sanchakunai_ritsu,37,10666,67.63,14.27,63.03,False
SURFACE_2_ダ_未勝利,kyori_tekisei+sogo_shisu_decile,kyori_tekisei,sogo_shisu_decile,21,24441,67.45,10.32,63.03,False
SURFACE_2_ダ_未勝利,uma_deokure_bin+sogo_shisu_decile,uma_deokure_bin,sogo_shisu_decile,29,25017,67.57,12.46,63.03,False
SURFACE_2_ダ_未勝利,keibajo_code+kyuyo_riyu_bunrui_code,keibajo_code,kyuyo_riyu_bunrui_code,11,6179,68.18,8.73,63.02,False
SURFACE_2_ダ_未勝利,blinker+tenkai_kigo_code,blinker,tenkai_kigo_code,7,4437,69.44,8.69,63.01,False
SURFACE_2_ダ_未勝利,manken_shisu_decile+sogo_shisu_decile,manken_shisu_decile,sogo_shisu_decile,50,23992,67.18,15.05,63.01,False
SURFACE_2_ダ_未勝利,kijun_ninkijun_tansho+shiba_tekisei_code,kijun_ninkijun_tansho,shiba_tekisei_code,30,15627,69.27,17.63,62.96,False
SURFACE_2_ダ_未勝利,kishu_minarai_code+kyori_tekisei,kishu_minarai_code,kyori_tekisei,14,24847,67.95,9.52,62.96,False
SURFACE_2_ダ_未勝利,uma_start_shisu_decile+kyuyo_riyu_bunrui_code,uma_start_shisu_decile,kyuyo_riyu_bunrui_code,9,6204,66.72,5.75,62.96,False
SURFACE_2_ダ_未勝利,kishu_kitai_tansho_decile+da_tekisei_code,kishu_kitai_tansho_decile,da_tekisei_code,18,23701,69.33,13.82,62.95,False
SURFACE_2_ダ_未勝利,chokyo_shisu_decile+sogo_shisu_decile,chokyo_shisu_decile,sogo_shisu_decile,43,24647,66.05,10.53,62.9,False
SURFACE_2_ダ_未勝利,kyori_tekisei_2+kyuyo_riyu_bunrui_code,kyori_tekisei_2,kyuyo_riyu_bunrui_code,3,1787,69.52,5.9,62.84,False
SURFACE_2_ダ_未勝利,kyusha_hyoka_code+sogo_shisu_decile,kyusha_hyoka_code,sogo_shisu_decile,12,24898,69.98,12.69,62.8,False
SURFACE_2_ダ_未勝利,kishu_minarai_code+kishu_kitai_sanchakunai_ritsu,kishu_minarai_code,kishu_kitai_sanchakunai_ritsu,40,10874,66.88,13.27,62.77,False
SURFACE_2_ダ_未勝利,ninki_shisu_decile+kishu_kitai_rentai_decile,ninki_shisu_decile,kishu_kitai_rentai_decile,37,24619,69.17,19.99,62.73,False
SURFACE_2_ダ_未勝利,kishu_kitai_rentai_decile+da_tekisei_code,kishu_kitai_rentai_decile,da_tekisei_code,18,23679,68.87,13.31,62.72,False
SURFACE_2_ダ_未勝利,shiba_tekisei_code+kyori_tekisei,shiba_tekisei_code,kyori_tekisei,7,15367,67.37,6.29,62.71,False
SURFACE_2_ダ_未勝利,kishu_shisu_decile+ninki_shisu_decile,kishu_shisu_decile,ninki_shisu_decile,37,24609,68.85,19.16,62.67,False
SURFACE_2_ダ_未勝利,kyori_tekisei_2+chokyo_shisu_decile,kyori_tekisei_2,chokyo_shisu_decile,22,7064,68.1,13.08,62.63,False
SURFACE_2_ダ_未勝利,kyori_tekisei+da_tekisei_code,kyori_tekisei,da_tekisei_code,10,23848,69.56,11.18,62.63,False
SURFACE_2_ダ_未勝利,class_code+kyusha_shisu_decile,class_code,kyusha_shisu_decile,23,24104,67.03,10.76,62.63,False
SURFACE_2_ダ_未勝利,kyakushitsu+blinker,kyakushitsu,blinker,6,4296,73.01,13.0,62.61,False
SURFACE_2_ダ_未勝利,agari_shisu_juni+kyuyo_riyu_bunrui_code,agari_shisu_juni,kyuyo_riyu_bunrui_code,16,6067,67.44,9.99,62.55,False
SURFACE_2_ダ_未勝利,kishu_shisu_decile+shiba_tekisei_code,kishu_shisu_decile,shiba_tekisei_code,20,15749,70.41,18.01,62.52,False
SURFACE_2_ダ_未勝利,manken_shisu_decile+kishu_kitai_sanchakunai_ritsu,manken_shisu_decile,kishu_kitai_sanchakunai_ritsu,14,1631,69.18,12.77,62.49,False
SURFACE_2_ダ_未勝利,class_code+ninki_shisu_decile,class_code,ninki_shisu_decile,20,23967,66.87,10.31,62.35,False
SURFACE_2_ダ_未勝利,kijun_ninkijun_tansho+da_tekisei_code,kijun_ninkijun_tansho,da_tekisei_code,25,23349,70.79,21.78,62.26,False
SURFACE_2_ダ_未勝利,kyakushitsu+da_tekisei_code,kyakushitsu,da_tekisei_code,8,23819,68.02,8.34,62.24,False
SURFACE_2_ダ_未勝利,kyori_tekisei+idm_decile,kyori_tekisei,idm_decile,20,24499,67.3,11.56,62.23,False
SURFACE_2_ダ_未勝利,kishu_shisu_decile+da_tekisei_code,kishu_shisu_decile,da_tekisei_code,18,23646,68.35,13.24,62.23,False
SURFACE_2_ダ_未勝利,tenkai_kigo_code+da_tekisei_code,tenkai_kigo_code,da_tekisei_code,10,23819,69.45,11.73,62.18,False
SURFACE_2_ダ_未勝利,omo_tekisei_code+kyusha_hyoka_code,omo_tekisei_code,kyusha_hyoka_code,8,25015,73.04,15.69,62.16,False
SURFACE_2_ダ_未勝利,kyusha_hyoka_code+kyori_tekisei,kyusha_hyoka_code,kyori_tekisei,11,24817,71.91,16.51,62.15,False
SURFACE_2_ダ_未勝利,kyusha_shisu_decile+kyuyo_riyu_bunrui_code,kyusha_shisu_decile,kyuyo_riyu_bunrui_code,10,6067,66.63,7.34,62.08,False
SURFACE_2_ダ_未勝利,kyusha_shisu_decile+da_tekisei_code,kyusha_shisu_decile,da_tekisei_code,20,23819,67.29,12.12,61.98,False
SURFACE_2_ダ_未勝利,omo_tekisei_code+sogo_shisu_decile,omo_tekisei_code,sogo_shisu_decile,18,25082,67.45,11.92,61.94,False
SURFACE_2_ダ_未勝利,uma_deokure_bin+kyuyo_riyu_bunrui_code,uma_deokure_bin,kyuyo_riyu_bunrui_code,7,6387,65.66,5.1,61.88,False
SURFACE_2_ダ_未勝利,blinker+kishu_shisu_decile,blinker,kishu_shisu_decile,10,4001,72.13,16.59,61.85,False
SURFACE_2_ダ_未勝利,kyakushitsu+idm_decile,kyakushitsu,idm_decile,21,24974,67.39,13.14,61.77,False
SURFACE_2_ダ_未勝利,tenkai_kigo_code+kishu_kitai_sanchakunai_ritsu,tenkai_kigo_code,kishu_kitai_sanchakunai_ritsu,23,6134,67.51,14.05,61.76,False
SURFACE_2_ダ_未勝利,da_tekisei_code+sogo_shisu_decile,da_tekisei_code,sogo_shisu_decile,13,23813,69.28,13.85,61.75,False
SURFACE_2_ダ_未勝利,bataiju+kishu_kitai_rentai_decile,bataiju,kishu_kitai_rentai_decile,24,2647,67.32,13.96,61.73,False
SURFACE_2_ダ_未勝利,kishu_minarai_code+chokyo_shisu_decile,kishu_minarai_code,chokyo_shisu_decile,12,23479,66.74,8.91,61.7,False
SURFACE_2_ダ_未勝利,pace_shisu_juni+kyuyo_riyu_bunrui_code,pace_shisu_juni,kyuyo_riyu_bunrui_code,16,6067,66.25,9.28,61.7,False
SURFACE_2_ダ_未勝利,kishu_kitai_rentai_decile+shiba_tekisei_code,kishu_kitai_rentai_decile,shiba_tekisei_code,20,15749,70.16,19.4,61.66,False
SURFACE_2_ダ_未勝利,kyakushitsu+sogo_shisu_decile,kyakushitsu,sogo_shisu_decile,23,25000,66.6,12.07,61.66,False
SURFACE_2_ダ_未勝利,ten_shisu_juni+kyuyo_riyu_bunrui_code,ten_shisu_juni,kyuyo_riyu_bunrui_code,16,6067,66.12,9.16,61.63,False
SURFACE_2_ダ_未勝利,class_code+kishu_shisu_decile,class_code,kishu_shisu_decile,20,23848,68.13,14.86,61.62,False
SURFACE_2_ダ_未勝利,blinker+kishu_kitai_tansho_decile,blinker,kishu_kitai_tansho_decile,10,4001,72.62,17.75,61.61,False
SURFACE_2_ダ_未勝利,kishu_minarai_code+idm_decile,kishu_minarai_code,idm_decile,13,24469,69.11,13.84,61.58,False
SURFACE_2_ダ_未勝利,kyusha_shisu_decile+shiba_tekisei_code,kyusha_shisu_decile,shiba_tekisei_code,20,15749,66.04,10.28,61.54,False
SURFACE_2_ダ_未勝利,class_code+joho_shisu_decile,class_code,joho_shisu_decile,13,23980,68.07,12.05,61.52,False
SURFACE_2_ダ_未勝利,tenkai_kigo_code+shiba_tekisei_code,tenkai_kigo_code,shiba_tekisei_code,11,15879,68.1,11.2,61.48,False
SURFACE_2_ダ_未勝利,blinker+kishu_kitai_rentai_decile,blinker,kishu_kitai_rentai_decile,10,4001,72.47,17.83,61.42,False
SURFACE_2_ダ_未勝利,kishu_minarai_code+sogo_shisu_decile,kishu_minarai_code,sogo_shisu_decile,14,24408,67.48,11.59,61.41,False
SURFACE_2_ダ_未勝利,umakigo_code+idm_decile,umakigo_code,idm_decile,15,25023,69.46,15.94,61.4,False
SURFACE_2_ダ_未勝利,kyusha_hyoka_code+kishu_kitai_sanchakunai_ritsu,kyusha_hyoka_code,kishu_kitai_sanchakunai_ritsu,40,11954,65.92,14.63,61.39,False
SURFACE_2_ダ_未勝利,class_code+shiba_tekisei_code,class_code,shiba_tekisei_code,7,15333,67.85,8.75,61.36,False
SURFACE_2_ダ_未勝利,blinker+chokyo_shisu_decile,blinker,chokyo_shisu_decile,10,3998,67.25,9.52,61.34,False
SURFACE_2_ダ_未勝利,ichi_shisu_juni+kyuyo_riyu_bunrui_code,ichi_shisu_juni,kyuyo_riyu_bunrui_code,16,6067,65.87,9.26,61.33,False
SURFACE_2_ダ_未勝利,uma_deokure_bin+kishu_kitai_sanchakunai_ritsu,uma_deokure_bin,kishu_kitai_sanchakunai_ritsu,43,5864,67.21,19.9,61.26,False
SURFACE_2_ダ_未勝利,sogo_shisu_decile+idm_decile,sogo_shisu_decile,idm_decile,14,25030,67.91,12.74,61.24,False
SURFACE_2_ダ_未勝利,blinker+idm_decile,blinker,idm_decile,6,4052,72.39,14.01,61.18,False
SURFACE_2_ダ_未勝利,omo_tekisei_code+idm_decile,omo_tekisei_code,idm_decile,17,25090,67.45,13.22,61.17,False
SURFACE_2_ダ_未勝利,kyusha_hyoka_code+idm_decile,kyusha_hyoka_code,idm_decile,11,24797,69.75,14.62,61.11,False
SURFACE_2_ダ_未勝利,class_code+kishu_kitai_rentai_decile,class_code,kishu_kitai_rentai_decile,20,23926,67.98,15.7,61.1,False
SURFACE_2_ダ_未勝利,kishu_kitai_tansho_decile+kyuyo_riyu_bunrui_code,kishu_kitai_tansho_decile,kyuyo_riyu_bunrui_code,10,6067,69.41,13.45,61.07,False
SURFACE_2_ダ_未勝利,joho_shisu_decile+shiba_tekisei_code,joho_shisu_decile,shiba_tekisei_code,13,15866,67.08,11.04,61.07,False
SURFACE_2_ダ_未勝利,chokyo_shisu_decile+da_tekisei_code,chokyo_shisu_decile,da_tekisei_code,20,23809,66.47,12.42,61.03,False
SURFACE_2_ダ_未勝利,class_code+kishu_kitai_tansho_decile,class_code,kishu_kitai_tansho_decile,19,23831,67.9,15.49,60.93,False
SURFACE_2_ダ_未勝利,joho_shisu_decile+kishu_kitai_sanchakunai_ritsu,joho_shisu_decile,kishu_kitai_sanchakunai_ritsu,34,8291,65.69,14.3,60.89,False
SURFACE_2_ダ_未勝利,kyori_tekisei+kyuyo_riyu_bunrui_code,kyori_tekisei,kyuyo_riyu_bunrui_code,7,6420,65.47,6.2,60.88,False
SURFACE_2_ダ_未勝利,ninki_shisu_decile+shiba_tekisei_code,ninki_shisu_decile,shiba_tekisei_code,19,15709,65.1,9.41,60.87,False
SURFACE_2_ダ_未勝利,rotation_bin+kishu_kitai_sanchakunai_ritsu,rotation_bin,kishu_kitai_sanchakunai_ritsu,31,4107,68.32,21.25,60.83,False
SURFACE_2_ダ_未勝利,hizume_code+kishu_kitai_sanchakunai_ritsu,hizume_code,kishu_kitai_sanchakunai_ritsu,20,2443,67.06,14.28,60.8,False
SURFACE_2_ダ_未勝利,kyori_kubun+kyuyo_riyu_bunrui_code,kyori_kubun,kyuyo_riyu_bunrui_code,7,6537,67.11,8.53,60.79,False
SURFACE_2_ダ_未勝利,ninki_shisu_decile+da_tekisei_code,ninki_shisu_decile,da_tekisei_code,19,23785,66.94,14.0,60.64,False
SURFACE_2_ダ_未勝利,kyakushitsu+kyuyo_riyu_bunrui_code,kyakushitsu,kyuyo_riyu_bunrui_code,6,6402,65.27,5.87,60.58,False
SURFACE_2_ダ_未勝利,ninki_shisu_decile+kyuyo_riyu_bunrui_code,ninki_shisu_decile,kyuyo_riyu_bunrui_code,10,6067,65.79,8.57,60.48,False
SURFACE_2_ダ_未勝利,class_code+sogo_shisu_decile,class_code,sogo_shisu_decile,13,24101,65.99,10.89,60.07,False
SURFACE_2_ダ_未勝利,kijun_ninkijun_tansho+kyuyo_riyu_bunrui_code,kijun_ninkijun_tansho,kyuyo_riyu_bunrui_code,15,5984,64.87,10.4,59.61,False
SURFACE_2_ダ_未勝利,bataiju+kishu_kitai_tansho_decile,bataiju,kishu_kitai_tansho_decile,27,2929,64.49,13.04,59.57,False
SURFACE_2_ダ_未勝利,class_code+idm_decile,class_code,idm_decile,12,24102,66.86,12.98,59.52,False
SURFACE_2_ダ_未勝利,chokyo_shisu_decile+shiba_tekisei_code,chokyo_shisu_decile,shiba_tekisei_code,20,15745,64.21,10.9,59.43,False
SURFACE_2_ダ_未勝利,bataiju+kishu_shisu_decile,bataiju,kishu_shisu_decile,19,2052,66.27,15.42,59.33,False
SURFACE_2_ダ_未勝利,kishu_kitai_rentai_decile+kyuyo_riyu_bunrui_code,kishu_kitai_rentai_decile,kyuyo_riyu_bunrui_code,10,6067,68.58,14.98,59.29,False
SURFACE_2_ダ_未勝利,shiba_tekisei_code+kishu_kitai_sanchakunai_ritsu,shiba_tekisei_code,kishu_kitai_sanchakunai_ritsu,26,5208,66.25,18.32,59.21,False
SURFACE_2_ダ_未勝利,shiba_tekisei_code+idm_decile,shiba_tekisei_code,idm_decile,11,15634,65.9,11.34,59.2,False
SURFACE_2_ダ_未勝利,bataiju+joho_shisu_decile,bataiju,joho_shisu_decile,47,10141,63.32,14.84,59.08,False
SURFACE_2_ダ_未勝利,class_code+chokyo_shisu_decile,class_code,chokyo_shisu_decile,22,24051,64.38,12.94,58.98,False
SURFACE_2_ダ_未勝利,kishu_shisu_decile+kyuyo_riyu_bunrui_code,kishu_shisu_decile,kyuyo_riyu_bunrui_code,10,6067,68.16,14.92,58.91,False
SURFACE_2_ダ_未勝利,da_tekisei_code+idm_decile,da_tekisei_code,idm_decile,12,23824,67.28,14.87,58.86,False
SURFACE_2_ダ_未勝利,chokyo_shisu_decile+kyuyo_riyu_bunrui_code,chokyo_shisu_decile,kyuyo_riyu_bunrui_code,10,6067,64.67,9.95,58.51,False
SURFACE_2_ダ_未勝利,class_code+kyuyo_riyu_bunrui_code,class_code,kyuyo_riyu_bunrui_code,7,6463,65.85,10.03,58.42,False
SURFACE_2_ダ_未勝利,blinker+ninki_shisu_decile,blinker,ninki_shisu_decile,9,3946,67.35,14.06,58.16,False
SURFACE_2_ダ_未勝利,kishu_minarai_code+ninki_shisu_decile,kishu_minarai_code,ninki_shisu_decile,14,23707,67.24,17.45,58.1,False
SURFACE_2_ダ_未勝利,manken_shisu_decile+kyuyo_riyu_bunrui_code,manken_shisu_decile,kyuyo_riyu_bunrui_code,10,5961,63.69,9.32,57.91,False
SURFACE_2_ダ_未勝利,shiba_tekisei_code+sogo_shisu_decile,shiba_tekisei_code,sogo_shisu_decile,12,15649,64.52,13.12,57.09,False
SURFACE_2_ダ_未勝利,gekiso_juni+kyuyo_riyu_bunrui_code,gekiso_juni,kyuyo_riyu_bunrui_code,16,6067,63.44,13.52,56.81,False
SURFACE_2_ダ_未勝利,omo_tekisei_code+kyuyo_riyu_bunrui_code,omo_tekisei_code,kyuyo_riyu_bunrui_code,6,6617,63.78,9.53,56.15,False
SURFACE_2_ダ_未勝利,umakigo_code+kyuyo_riyu_bunrui_code,umakigo_code,kyuyo_riyu_bunrui_code,6,6817,65.56,12.37,55.66,False
SURFACE_2_ダ_未勝利,kyusha_shisu_decile+kishu_kitai_sanchakunai_ritsu,kyusha_shisu_decile,kishu_kitai_sanchakunai_ritsu,20,2360,67.0,25.92,55.65,False
SURFACE_2_ダ_未勝利,blinker+da_tekisei_code,blinker,da_tekisei_code,4,4379,65.83,10.75,55.29,False
SURFACE_2_ダ_未勝利,sogo_shisu_decile+kyuyo_riyu_bunrui_code,sogo_shisu_decile,kyuyo_riyu_bunrui_code,8,6235,62.63,10.8,55.15,False
SURFACE_2_ダ_未勝利,blinker+sogo_shisu_decile,blinker,sogo_shisu_decile,6,3982,63.97,11.09,55.09,False
SURFACE_2_ダ_未勝利,idm_decile+kyuyo_riyu_bunrui_code,idm_decile,kyuyo_riyu_bunrui_code,9,6411,62.14,11.45,54.66,False
SURFACE_2_ダ_未勝利,class_code+blinker,class_code,blinker,5,4452,66.21,13.18,54.66,False
SURFACE_2_ダ_未勝利,kishu_kitai_sanchakunai_ritsu+kyuyo_riyu_bunrui_code,kishu_kitai_sanchakunai_ritsu,kyuyo_riyu_bunrui_code,14,1985,64.64,19.57,54.39,False
SURFACE_2_ダ_未勝利,keibajo_code+kishu_kitai_sanchakunai_ritsu,keibajo_code,kishu_kitai_sanchakunai_ritsu,14,1614,62.79,17.1,53.84,False
SURFACE_2_ダ_未勝利,rotation_bin+kyuyo_riyu_bunrui_code,rotation_bin,kyuyo_riyu_bunrui_code,6,6766,61.16,9.99,53.17,False
SURFACE_2_ダ_未勝利,da_tekisei_code+kyuyo_riyu_bunrui_code,da_tekisei_code,kyuyo_riyu_bunrui_code,5,6420,60.45,8.7,52.83,False
SURFACE_2_ダ_未勝利,tenkai_kigo_code+kyuyo_riyu_bunrui_code,tenkai_kigo_code,kyuyo_riyu_bunrui_code,7,6475,61.2,12.63,51.84,False
SURFACE_2_ダ_未勝利,kyusha_hyoka_code+shiba_tekisei_code,kyusha_hyoka_code,shiba_tekisei_code,6,15780,64.87,16.48,51.68,False
SURFACE_2_ダ_未勝利,kishu_minarai_code+kyuyo_riyu_bunrui_code,kishu_minarai_code,kyuyo_riyu_bunrui_code,6,6747,60.77,11.57,51.51,False
SURFACE_2_ダ_未勝利,kyusha_hyoka_code+kyuyo_riyu_bunrui_code,kyusha_hyoka_code,kyuyo_riyu_bunrui_code,6,6790,61.23,14.25,49.82,False
SURFACE_2_ダ_未勝利,joho_shisu_decile+kyuyo_riyu_bunrui_code,joho_shisu_decile,kyuyo_riyu_bunrui_code,8,6434,60.06,16.73,48.46,False
SURFACE_2_ダ_未勝利,blinker+kishu_kitai_sanchakunai_ritsu,blinker,kishu_kitai_sanchakunai_ritsu,6,698,64.8,22.5,46.79,False
